N:29 E:28
1 0.391309 0.304578
2 0.742602 1.120040
3 0.424796 -0.487275
4 -0.162341 0.263207
5 0.518157 0.096991
6 0.157789 0.217847
7 0.956220 1.269502
8 0.612602 1.348898
9 1.015914 1.461872
10 0.385195 1.162335
11 1.138293 1.320393
12 0.712666 1.543178
13 0.757154 0.844423
14 0.490018 0.978597
15 0.868217 1.527183
16 1.102091 0.984036
17 1.155600 1.141093
18 0.533064 1.510559
19 0.973918 0.864971
20 0.402873 1.349881
21 0.128860 -0.556186
22 0.714427 -0.709831
23 0.157922 -0.738930
24 0.285128 -0.863250
25 0.598912 -0.846634
26 0.722720 -0.522657
27 0.441169 -0.824333
28 -0.483753 0.126207
29 -0.500432 0.347176
1 2
1 3
1 4
1 5
1 6
2 7
2 8
2 9
2 10
2 11
2 12
2 13
2 14
2 15
2 16
2 17
2 18
2 19
2 20
3 21
3 22
3 23
3 24
3 25
3 26
3 27
4 28
4 29
