N:109 E:108
1 -0.673443 0.507094
2 0.211265 0.470130
3 -1.317935 0.345918
4 -0.872345 0.327866
5 -0.926189 0.522230
6 -1.058098 0.842911
7 -0.816442 0.585570
8 0.230907 0.637149
9 0.292271 0.326840
10 -0.034809 0.215448
11 0.002471 0.550291
12 0.465337 0.406715
13 0.441091 0.581157
14 0.413575 -0.020928
15 0.066293 0.460701
16 0.278175 0.232267
17 -0.034751 0.863385
18 0.243754 0.874920
19 0.147546 0.037761
20 1.139817 0.744966
21 0.066671 0.152620
22 -0.104416 0.336414
23 0.012269 0.626320
24 -0.040994 0.484230
25 0.469739 0.493364
26 0.379043 0.502072
27 0.300797 0.700006
28 0.370640 0.398493
29 0.181741 0.707468
30 0.091670 0.679287
31 0.185694 0.242654
32 0.328466 0.593297
33 0.366215 0.266019
34 0.116660 0.589866
35 0.388511 0.656623
36 0.429036 0.324587
37 0.165222 0.328567
38 0.006664 0.391179
39 0.072060 0.314397
40 -1.498904 0.335789
41 -1.462683 0.237288
42 -1.476346 0.480583
43 -1.395671 0.150093
44 -1.554067 0.216887
45 -1.536103 0.437561
46 -1.587097 0.379860
47 -1.582893 0.294162
48 -1.487326 0.151209
49 -1.011002 0.182597
50 -1.108331 0.541063
51 -1.127282 1.056375
52 -1.281069 0.949877
53 -1.175656 0.976745
54 -1.268267 0.867117
55 -1.235671 1.031615
56 -0.204543 0.029556
57 0.474979 -0.276929
58 0.398475 -0.263842
59 0.535563 -0.232506
60 0.590266 -0.176282
61 -0.164117 1.074248
62 -0.082920 1.097545
63 -0.217003 1.005163
64 0.307190 1.098817
65 0.211223 1.111208
66 0.058203 -0.207885
67 0.145440 -0.216505
68 1.966448 0.553688
69 1.403413 1.370455
70 -0.049932 -0.070416
71 -0.312633 0.228243
72 2.160080 0.773687
73 2.623063 0.592455
74 1.994992 0.282003
75 2.244232 0.509077
76 2.241576 0.190192
77 1.606439 1.528839
78 1.487986 1.626122
79 1.369388 1.543074
80 1.599293 1.354942
81 1.467435 1.531304
82 1.536485 1.454707
83 1.409313 1.638719
84 1.265541 1.533653
85 1.632514 1.444117
86 1.320782 1.614505
87 1.557912 1.590163
88 1.273241 1.432862
89 1.518332 1.287775
90 2.320569 0.880454
91 2.247948 0.941494
92 2.815157 0.756411
93 2.889984 0.606154
94 2.752078 0.433244
95 2.832305 0.451148
96 2.883352 0.522188
97 2.728659 0.768827
98 2.787396 0.661772
99 2.799263 0.551626
100 2.872303 0.686663
101 1.968440 0.104238
102 2.063274 0.114916
103 2.413532 0.480913
104 2.369463 0.391020
105 2.379512 0.594305
106 2.273864 -0.016256
107 2.418111 0.029416
108 2.354121 -0.015134
109 2.431375 0.108254
1 2
1 3
1 4
1 5
1 6
1 7
2 8
2 9
2 10
2 11
2 12
2 13
2 14
2 15
2 16
2 17
2 18
2 19
2 20
2 21
2 22
2 23
2 24
2 25
2 26
2 27
2 28
2 29
2 30
2 31
2 32
2 33
2 34
2 35
2 36
2 37
2 38
2 39
3 40
3 41
3 42
3 43
3 44
3 45
3 46
3 47
3 48
4 49
5 50
6 51
6 52
6 53
6 54
6 55
10 56
14 57
14 58
14 59
14 60
17 61
17 62
17 63
18 64
18 65
19 66
19 67
20 68
20 69
21 70
22 71
68 72
68 73
68 74
68 75
68 76
69 77
69 78
69 79
69 80
69 81
69 82
69 83
69 84
69 85
69 86
69 87
69 88
69 89
72 90
72 91
73 92
73 93
73 94
73 95
73 96
73 97
73 98
73 99
73 100
74 101
74 102
75 103
75 104
75 105
76 106
76 107
76 108
76 109
