N:33 E:32
1 0.355771 -0.175951
2 0.540359 0.335797
3 0.334851 -0.513588
4 0.150665 -0.452336
5 0.048272 0.108705
6 1.375180 0.045360
7 0.123871 1.095333
8 0.555687 0.110683
9 0.681554 0.527426
10 0.314068 0.350228
11 -0.211019 -0.119150
12 -0.287443 0.059377
13 1.792130 0.084764
14 1.703348 0.264576
15 1.681898 -0.239920
16 1.627806 0.099142
17 1.504359 -0.331339
18 1.360797 0.306451
19 1.755403 -0.084435
20 1.330357 -0.303806
21 1.540495 -0.154963
22 1.209063 -0.155165
23 1.547256 0.347586
24 0.243012 1.420836
25 0.120444 1.500019
26 -0.065637 1.249101
27 0.373313 1.160174
28 -0.017664 1.446455
29 -0.085939 0.929218
30 -0.172977 1.388216
31 -0.231036 1.043832
32 0.376612 1.343816
33 -0.252484 1.215445
1 2
1 3
1 4
2 5
2 6
2 7
2 8
2 9
2 10
5 11
5 12
6 13
6 14
6 15
6 16
6 17
6 18
6 19
6 20
6 21
6 22
6 23
7 24
7 25
7 26
7 27
7 28
7 29
7 30
7 31
7 32
7 33
