N:168 E:167
1 2
1 3
1 4
1 5
1 6
1 7
2 8
2 9
2 10
2 11
2 12
3 13
8 14
8 15
8 16
8 17
8 18
8 19
8 20
8 21
8 22
8 23
8 24
8 25
8 26
8 27
8 28
8 29
8 30
8 31
8 32
8 33
8 34
8 35
8 36
8 37
8 38
8 39
8 40
8 41
8 42
8 43
8 44
8 45
8 46
8 47
8 48
8 49
8 50
8 51
8 52
8 53
8 54
8 55
8 56
8 57
8 58
8 59
8 60
9 61
9 62
9 63
9 64
9 65
9 66
10 67
10 68
10 69
10 70
10 71
10 72
10 73
12 74
12 75
12 76
12 77
12 78
12 79
12 80
12 81
12 82
12 83
12 84
12 85
12 86
12 87
12 88
12 89
12 90
12 91
12 92
12 93
12 94
12 95
12 96
12 97
12 98
13 99
13 100
13 101
13 102
13 103
61 104
61 105
61 106
61 107
61 108
61 109
61 110
61 111
61 112
62 113
62 114
62 115
62 116
62 117
62 118
62 119
62 120
62 121
62 122
62 123
63 124
63 125
64 126
64 127
64 128
64 129
66 130
66 131
66 132
66 133
66 134
66 135
66 136
99 137
99 138
99 139
99 140
99 141
99 142
99 143
99 144
99 145
99 146
99 147
99 148
99 149
99 150
99 151
99 152
100 153
100 154
100 155
100 156
100 157
100 158
100 159
101 160
101 161
101 162
101 163
101 164
101 165
101 166
101 167
101 168
