N:100 E:99
1 0.611663 0.385740
2 0.235045 0.611077
3 0.688782 0.009687
4 0.403773 0.597426
5 0.399188 0.004931
6 0.436495 0.693631
7 0.697540 0.809555
8 0.761504 0.633730
9 0.366519 0.658377
10 0.636909 0.072398
11 0.384709 0.084758
12 0.826409 0.363959
13 0.897348 0.711104
14 0.749387 0.293267
15 0.622010 0.817857
16 0.804586 0.699403
17 0.745060 -0.028832
18 0.678781 0.668865
19 0.512260 0.703176
20 0.243394 0.549296
21 0.861665 0.038678
22 0.528253 0.098525
23 0.596474 0.657951
24 0.436424 0.782894
25 0.912551 0.497276
26 0.370801 0.492511
27 0.977109 0.457134
28 0.476530 0.286677
29 0.981871 0.340424
30 0.807264 0.004656
31 0.188902 0.509403
32 0.285720 0.489919
33 0.217948 0.449994
34 0.448486 0.127078
35 1.011978 0.206188
36 0.180275 0.328631
37 0.874331 0.105238
38 0.746037 0.464151
39 0.457274 0.040341
40 0.583351 0.549164
41 0.927978 0.396546
42 0.927290 0.218652
43 0.324283 0.571490
44 0.203201 0.267840
45 0.858250 0.645778
46 0.906222 0.310685
47 0.558496 -0.048186
48 0.848920 0.452712
49 0.382329 0.172276
50 0.327214 0.049994
51 0.316923 0.709563
52 0.536948 0.024225
53 0.873623 0.575582
54 0.288413 0.646749
55 0.244985 0.358998
56 0.308786 0.418705
57 0.594990 0.147275
58 1.045638 0.309025
59 0.397174 0.362160
60 1.032644 0.388721
61 0.379672 0.255262
62 0.732978 0.729576
63 0.794842 0.551159
64 0.862582 0.173323
65 0.685356 0.571284
66 0.935907 0.088381
67 0.654023 0.747333
68 0.842283 0.253334
69 0.379223 0.745558
70 0.460368 0.439348
71 0.549692 0.817486
72 0.607716 0.001810
73 0.769148 0.789642
74 0.178840 0.401121
75 0.938850 0.655193
76 0.223517 0.206163
77 0.746583 0.056454
78 0.797149 0.107518
79 0.280803 0.268772
80 0.986130 0.265155
81 0.838446 0.757951
82 0.308635 0.115368
83 0.763842 0.191621
84 0.497601 0.778748
85 0.654060 -0.051650
86 0.990068 0.608222
87 0.962444 0.152697
88 0.306630 0.196233
89 0.504003 0.623543
90 0.501084 0.198480
91 0.948390 0.561227
92 0.248624 0.141378
93 0.479521 -0.029191
94 0.465816 0.539621
95 0.579509 0.745586
96 1.016835 0.528189
97 0.639256 0.232325
98 0.317828 0.334236
99 0.697694 0.132319
100 1.044188 0.456327
1 2
1 3
1 4
1 5
1 6
1 7
1 8
1 9
1 10
1 11
1 12
1 13
1 14
1 15
1 16
1 17
1 18
1 19
1 20
1 21
1 22
1 23
1 24
1 25
1 26
1 27
1 28
1 29
1 30
1 31
1 32
1 33
1 34
1 35
1 36
1 37
1 38
1 39
1 40
1 41
1 42
1 43
1 44
1 45
1 46
1 47
1 48
1 49
1 50
1 51
1 52
1 53
1 54
1 55
1 56
1 57
1 58
1 59
1 60
1 61
1 62
1 63
1 64
1 65
1 66
1 67
1 68
1 69
1 70
1 71
1 72
1 73
1 74
1 75
1 76
1 77
1 78
1 79
1 80
1 81
1 82
1 83
1 84
1 85
1 86
1 87
1 88
1 89
1 90
1 91
1 92
1 93
1 94
1 95
1 96
1 97
1 98
1 99
1 100
