N:134 E:133
1 0.510114 0.214835
2 1.429876 0.225607
3 0.033915 0.695030
4 0.401606 -0.035694
5 0.627203 0.194249
6 0.559000 0.100244
7 0.722433 0.215142
8 0.609649 -0.718241
9 -0.177634 0.870105
10 1.483287 0.360620
11 1.817801 0.571143
12 1.539693 0.044090
13 1.756497 0.148880
14 1.821776 -0.094454
15 1.550400 0.192300
16 1.951353 0.281489
17 1.561027 0.303926
18 -0.402888 0.239400
19 0.185274 0.669113
20 0.136928 1.416395
21 -0.610659 0.624473
22 0.479732 1.026276
23 0.079878 0.505326
24 0.271027 -0.126920
25 0.332197 -0.188728
26 0.431471 -0.173830
27 0.874903 0.207103
28 0.835529 -0.730198
29 0.574388 -1.012666
30 0.387751 -0.813771
31 0.783430 -0.659670
32 0.722780 -0.992139
33 0.403484 -0.893466
34 0.593180 -0.943809
35 0.450748 -0.950541
36 0.678752 -0.855156
37 0.517904 -0.912692
38 0.771551 -0.830172
39 0.748050 -0.746893
40 0.580864 -0.852660
41 0.666947 -0.947047
42 0.688343 -0.620608
43 0.489586 -0.658355
44 0.791235 -0.946605
45 0.407195 -0.729255
46 0.848144 -0.806009
47 0.646453 -1.015252
48 0.829827 -0.880645
49 0.480406 -0.770724
50 0.464593 -0.853324
51 0.510234 -0.990195
52 0.738304 -0.910892
53 -0.107268 0.754741
54 -0.244235 0.993935
55 -0.282785 0.702483
56 -0.368203 1.000988
57 -0.198011 1.151369
58 -0.257370 1.124954
59 -0.358931 1.103678
60 -0.121633 0.996209
61 -0.035821 1.023465
62 -0.140718 1.112958
63 -0.369079 0.850852
64 -0.082892 1.084040
65 -0.310822 1.051414
66 -0.194075 0.703677
67 -0.456977 0.880463
68 -0.463987 0.956952
69 -0.032091 0.854235
70 -0.310545 0.923647
71 -0.310913 1.143291
72 -0.398412 0.928298
73 -0.017462 0.943264
74 -0.292173 0.793592
75 -0.442576 1.019000
76 -0.206767 1.066116
77 -0.364112 0.745643
78 -0.423238 0.805160
79 -0.410177 1.072986
80 1.964836 0.765102
81 1.918941 0.710218
82 1.863561 0.767643
83 2.024518 0.704839
84 1.974935 0.636346
85 2.041105 0.616559
86 1.622359 -0.099433
87 1.959938 0.098270
88 1.918932 0.170140
89 1.898111 0.048851
90 2.040143 -0.214101
91 1.897728 -0.285116
92 1.976418 -0.278830
93 1.966254 -0.202871
94 2.040696 -0.136592
95 2.204478 0.260371
96 2.132257 0.392405
97 2.195009 0.347371
98 2.139204 0.294206
99 2.161639 0.197241
100 -0.555861 0.152227
101 -0.577578 0.051917
102 -0.594332 0.233923
103 -0.493405 0.095995
104 -0.513787 0.016467
105 -0.643374 0.174892
106 -0.436193 0.019497
107 -0.379865 0.071305
108 -0.625280 0.102763
109 0.106376 1.681490
110 0.244169 1.559636
111 0.074075 1.596880
112 0.286431 1.632820
113 -0.006048 1.599686
114 0.037163 1.665382
115 0.316427 1.556996
116 0.172169 1.691417
117 0.160996 1.604683
118 0.227690 1.659596
119 -0.813204 0.653573
120 -0.878492 0.596596
121 -0.857190 0.523172
122 -0.787770 0.481241
123 -0.830063 0.736829
124 -0.880082 0.674800
125 -0.794695 0.562342
126 0.689790 1.150865
127 0.567398 1.241025
128 0.640048 1.211989
129 0.581327 1.147767
130 0.497270 1.202143
131 0.701095 1.046189
132 0.641602 1.088961
133 0.637822 0.984733
134 0.094359 0.362748
1 2
1 3
1 4
1 5
1 6
1 7
1 8
1 9
2 10
2 11
2 12
2 13
2 14
2 15
2 16
2 17
3 18
3 19
3 20
3 21
3 22
3 23
4 24
4 25
4 26
7 27
8 28
8 29
8 30
8 31
8 32
8 33
8 34
8 35
8 36
8 37
8 38
8 39
8 40
8 41
8 42
8 43
8 44
8 45
8 46
8 47
8 48
8 49
8 50
8 51
8 52
9 53
9 54
9 55
9 56
9 57
9 58
9 59
9 60
9 61
9 62
9 63
9 64
9 65
9 66
9 67
9 68
9 69
9 70
9 71
9 72
9 73
9 74
9 75
9 76
9 77
9 78
9 79
11 80
11 81
11 82
11 83
11 84
11 85
12 86
13 87
13 88
13 89
14 90
14 91
14 92
14 93
14 94
16 95
16 96
16 97
16 98
16 99
18 100
18 101
18 102
18 103
18 104
18 105
18 106
18 107
18 108
20 109
20 110
20 111
20 112
20 113
20 114
20 115
20 116
20 117
20 118
21 119
21 120
21 121
21 122
21 123
21 124
21 125
22 126
22 127
22 128
22 129
22 130
22 131
22 132
22 133
23 134
