N:134 E:133
1 2
1 3
1 4
1 5
1 6
1 7
1 8
1 9
2 10
2 11
2 12
2 13
2 14
2 15
2 16
2 17
3 18
3 19
3 20
3 21
3 22
3 23
4 24
4 25
4 26
7 27
8 28
8 29
8 30
8 31
8 32
8 33
8 34
8 35
8 36
8 37
8 38
8 39
8 40
8 41
8 42
8 43
8 44
8 45
8 46
8 47
8 48
8 49
8 50
8 51
8 52
9 53
9 54
9 55
9 56
9 57
9 58
9 59
9 60
9 61
9 62
9 63
9 64
9 65
9 66
9 67
9 68
9 69
9 70
9 71
9 72
9 73
9 74
9 75
9 76
9 77
9 78
9 79
11 80
11 81
11 82
11 83
11 84
11 85
12 86
13 87
13 88
13 89
14 90
14 91
14 92
14 93
14 94
16 95
16 96
16 97
16 98
16 99
18 100
18 101
18 102
18 103
18 104
18 105
18 106
18 107
18 108
20 109
20 110
20 111
20 112
20 113
20 114
20 115
20 116
20 117
20 118
21 119
21 120
21 121
21 122
21 123
21 124
21 125
22 126
22 127
22 128
22 129
22 130
22 131
22 132
22 133
23 134
