N:398 E:397
1 2
1 3
1 4
1 5
1 6
1 7
1 8
1 9
1 10
1 11
1 12
1 13
1 14
1 15
1 16
1 17
1 18
1 19
1 20
1 21
1 22
1 23
1 24
1 25
1 26
1 27
1 28
1 29
1 30
1 31
2 32
2 33
2 34
2 35
2 36
2 37
2 38
2 39
2 40
2 41
2 42
2 43
2 44
2 45
2 46
2 47
2 48
2 49
2 50
2 51
2 52
2 53
2 54
2 55
2 56
2 57
2 58
2 59
3 60
3 61
3 62
3 63
3 64
3 65
3 66
3 67
3 68
3 69
3 70
3 71
3 72
3 73
3 74
3 75
3 76
3 77
3 78
3 79
3 80
3 81
4 82
4 83
4 84
4 85
4 86
4 87
4 88
4 89
4 90
4 91
4 92
5 93
5 94
5 95
5 96
6 97
6 98
6 99
6 100
6 101
6 102
7 103
7 104
7 105
7 106
7 107
7 108
7 109
7 110
7 111
7 112
7 113
7 114
7 115
8 116
8 117
8 118
8 119
9 120
9 121
9 122
9 123
9 124
61 125
61 126
61 127
61 128
61 129
62 130
82 131
83 132
83 133
83 134
83 135
83 136
83 137
83 138
83 139
83 140
83 141
84 142
84 143
84 144
84 145
84 146
84 147
84 148
84 149
84 150
84 151
84 152
84 153
93 154
93 155
97 156
97 157
97 158
99 159
99 160
117 161
120 162
120 163
121 164
121 165
121 166
122 167
122 168
126 169
127 170
127 171
127 172
127 173
130 174
132 175
133 176
134 177
134 178
134 179
134 180
134 181
134 182
134 183
134 184
134 185
135 186
135 187
135 188
135 189
137 190
138 191
144 192
144 193
170 194
170 195
170 196
171 197
171 198
171 199
171 200
171 201
171 202
175 203
177 204
186 205
186 206
186 207
186 208
186 209
186 210
186 211
186 212
186 213
186 214
186 215
186 216
187 217
187 218
187 219
187 220
187 221
187 222
187 223
187 224
187 225
187 226
187 227
187 228
187 229
187 230
187 231
187 232
187 233
187 234
187 235
187 236
187 237
187 238
187 239
187 240
187 241
187 242
187 243
188 244
188 245
188 246
188 247
188 248
188 249
188 250
188 251
188 252
188 253
188 254
188 255
188 256
188 257
188 258
188 259
188 260
188 261
188 262
188 263
188 264
188 265
188 266
188 267
188 268
188 269
188 270
188 271
188 272
188 273
188 274
188 275
188 276
188 277
188 278
189 279
189 280
189 281
189 282
189 283
189 284
189 285
189 286
189 287
189 288
189 289
189 290
189 291
190 292
190 293
190 294
190 295
190 296
190 297
190 298
190 299
190 300
190 301
190 302
190 303
190 304
190 305
190 306
190 307
190 308
190 309
190 310
190 311
192 312
192 313
192 314
192 315
192 316
192 317
192 318
192 319
192 320
192 321
192 322
192 323
192 324
192 325
192 326
192 327
193 328
193 329
193 330
193 331
193 332
193 333
193 334
193 335
193 336
193 337
193 338
193 339
193 340
193 341
193 342
193 343
193 344
193 345
193 346
193 347
193 348
193 349
195 350
195 351
195 352
195 353
195 354
195 355
195 356
195 357
195 358
195 359
195 360
195 361
195 362
195 363
195 364
195 365
195 366
195 367
195 368
195 369
195 370
195 371
195 372
195 373
195 374
195 375
195 376
195 377
195 378
195 379
195 380
195 381
195 382
195 383
195 384
195 385
195 386
195 387
195 388
195 389
195 390
196 391
198 392
198 393
198 394
198 395
199 396
206 397
206 398
