N:111 E:110
1 0.568636 0.673997
2 0.536432 0.493312
3 0.593172 0.817539
4 0.196271 -0.168025
5 1.092293 1.221968
6 -0.449277 0.920006
7 1.316020 -0.151699
8 0.566571 0.367630
9 0.421091 0.454340
10 0.666926 0.513833
11 0.169134 -0.428004
12 -0.011865 -0.339830
13 0.049713 -0.129780
14 0.028404 -0.401099
15 -0.023820 -0.188731
16 0.206464 -0.328020
17 0.065532 -0.261331
18 0.243680 -0.429843
19 0.098505 -0.442575
20 0.317033 -0.269367
21 0.103072 -0.348839
22 0.302277 -0.365428
23 -0.041098 -0.269653
24 1.340860 1.341584
25 0.948448 1.408035
26 1.046137 1.363190
27 1.286192 1.469960
28 1.153930 1.404655
29 1.307136 1.250092
30 1.384600 1.282450
31 1.360767 1.187605
32 1.216313 1.468436
33 0.995025 1.479139
34 1.171493 1.084377
35 1.170899 1.518632
36 1.254684 1.382644
37 1.222219 1.296972
38 0.967979 1.207374
39 1.071952 1.452090
40 0.932972 1.319813
41 1.300996 1.111416
42 1.091971 1.520597
43 1.240654 1.167754
44 1.340211 1.410614
45 -0.649710 0.780199
46 -0.604576 0.969814
47 -0.537829 1.054154
48 -0.301460 1.129619
49 -0.711475 1.128894
50 -0.695237 0.854834
51 -0.657854 1.180398
52 -0.494540 1.147258
53 -0.755589 1.071731
54 -0.578731 1.145980
55 -0.649097 0.691566
56 -0.434504 1.229630
57 -0.637787 1.091019
58 -0.587971 1.220226
59 -0.512433 1.231005
60 -0.347596 1.196372
61 -0.250758 1.065853
62 -0.355623 0.742333
63 -0.694423 0.936247
64 -0.682677 1.026474
65 -0.402539 1.064677
66 -0.416389 0.681751
67 -0.287967 0.881282
68 -0.786169 0.943759
69 -0.714170 0.738282
70 -0.761996 1.004108
71 -0.408479 1.150203
72 -0.756888 0.802760
73 -0.315303 1.004749
74 -0.289677 0.796712
75 -0.233259 0.955981
76 -0.464369 0.771151
77 -0.577088 0.661373
78 -0.497092 0.664938
79 -0.776389 0.875490
80 -0.590555 0.855212
81 -0.562280 0.747045
82 1.367542 -0.291365
83 1.335645 -0.456857
84 1.151298 -0.341092
85 1.226219 -0.275793
86 1.264909 -0.443383
87 1.409610 -0.459168
88 1.285538 -0.359026
89 1.259000 0.004343
90 1.200047 -0.402706
91 1.623901 -0.190933
92 1.386711 -0.379607
93 1.628099 -0.115255
94 1.532041 0.012777
95 1.141964 -0.165063
96 1.621849 -0.268302
97 1.348006 0.058752
98 1.580195 -0.328889
99 1.396821 -0.013269
100 1.124448 -0.256693
101 1.492448 -0.343227
102 1.180376 -0.069518
103 1.473599 -0.170951
104 1.479037 -0.063780
105 1.468481 -0.270949
106 1.469345 -0.422596
107 1.541309 -0.396863
108 1.553720 -0.123324
109 1.458961 0.055782
110 1.552061 -0.235568
111 1.589192 -0.040335
1 2
1 3
2 4
2 5
2 6
2 7
2 8
2 9
2 10
4 11
4 12
4 13
4 14
4 15
4 16
4 17
4 18
4 19
4 20
4 21
4 22
4 23
5 24
5 25
5 26
5 27
5 28
5 29
5 30
5 31
5 32
5 33
5 34
5 35
5 36
5 37
5 38
5 39
5 40
5 41
5 42
5 43
5 44
6 45
6 46
6 47
6 48
6 49
6 50
6 51
6 52
6 53
6 54
6 55
6 56
6 57
6 58
6 59
6 60
6 61
6 62
6 63
6 64
6 65
6 66
6 67
6 68
6 69
6 70
6 71
6 72
6 73
6 74
6 75
6 76
6 77
6 78
6 79
6 80
6 81
7 82
7 83
7 84
7 85
7 86
7 87
7 88
7 89
7 90
7 91
7 92
7 93
7 94
7 95
7 96
7 97
7 98
7 99
7 100
7 101
7 102
7 103
7 104
7 105
7 106
7 107
7 108
7 109
7 110
7 111
