N:162 E:161
1 2
1 3
1 4
1 5
1 6
1 7
1 8
1 9
2 10
2 11
2 12
2 13
2 14
3 15
3 16
3 17
3 18
3 19
4 20
4 21
4 22
4 23
4 24
5 25
5 26
5 27
5 28
6 29
6 30
7 31
7 32
7 33
7 34
7 35
7 36
8 37
8 38
8 39
9 40
9 41
9 42
9 43
9 44
9 45
21 46
21 47
21 48
21 49
21 50
21 51
21 52
21 53
21 54
21 55
21 56
21 57
21 58
21 59
21 60
24 61
24 62
25 63
25 64
25 65
25 66
25 67
25 68
25 69
25 70
25 71
25 72
25 73
25 74
25 75
25 76
25 77
25 78
25 79
25 80
25 81
25 82
25 83
25 84
25 85
25 86
25 87
26 88
26 89
26 90
26 91
26 92
26 93
26 94
26 95
26 96
26 97
26 98
26 99
26 100
26 101
26 102
26 103
26 104
26 105
26 106
26 107
26 108
26 109
26 110
26 111
26 112
26 113
26 114
26 115
26 116
26 117
26 118
26 119
26 120
26 121
26 122
26 123
26 124
26 125
26 126
26 127
26 128
26 129
26 130
26 131
26 132
27 133
27 134
27 135
27 136
27 137
27 138
27 139
27 140
27 141
27 142
27 143
27 144
27 145
28 146
28 147
28 148
28 149
28 150
28 151
28 152
28 153
28 154
28 155
28 156
28 157
28 158
28 159
28 160
28 161
28 162
