N:264 E:263
1 2
1 3
1 4
1 5
1 6
1 7
1 8
1 9
1 10
1 11
1 12
1 13
2 14
3 15
3 16
3 17
3 18
3 19
3 20
3 21
4 22
4 23
4 24
4 25
4 26
4 27
5 28
5 29
5 30
5 31
5 32
5 33
5 34
5 35
5 36
5 37
5 38
5 39
5 40
5 41
5 42
5 43
5 44
5 45
5 46
6 47
6 48
6 49
6 50
6 51
6 52
6 53
6 54
7 55
7 56
7 57
7 58
7 59
7 60
7 61
7 62
7 63
7 64
8 65
8 66
8 67
8 68
8 69
8 70
9 71
9 72
9 73
9 74
10 75
10 76
10 77
10 78
10 79
22 80
24 81
25 82
28 83
28 84
28 85
28 86
28 87
28 88
28 89
31 90
31 91
31 92
31 93
31 94
32 95
47 96
47 97
47 98
48 99
48 100
48 101
48 102
48 103
48 104
48 105
48 106
48 107
48 108
48 109
48 110
48 111
48 112
48 113
48 114
48 115
48 116
49 117
49 118
49 119
49 120
49 121
50 122
50 123
50 124
50 125
50 126
50 127
50 128
51 129
51 130
51 131
51 132
51 133
51 134
51 135
55 136
55 137
55 138
59 139
59 140
59 141
59 142
59 143
59 144
59 145
59 146
59 147
59 148
62 149
62 150
62 151
62 152
62 153
62 154
65 155
65 156
65 157
69 158
69 159
73 160
73 161
73 162
73 163
73 164
74 165
74 166
74 167
74 168
74 169
74 170
74 171
74 172
74 173
74 174
74 175
74 176
74 177
74 178
74 179
74 180
74 181
74 182
74 183
74 184
74 185
74 186
74 187
74 188
74 189
74 190
74 191
74 192
74 193
74 194
74 195
74 196
74 197
74 198
74 199
74 200
74 201
74 202
74 203
74 204
74 205
74 206
74 207
74 208
74 209
74 210
74 211
75 212
75 213
75 214
78 215
78 216
78 217
99 218
99 219
99 220
99 221
118 222
118 223
118 224
118 225
118 226
118 227
122 228
122 229
122 230
122 231
123 232
123 233
129 234
129 235
129 236
129 237
129 238
129 239
129 240
129 241
129 242
129 243
129 244
129 245
129 246
129 247
129 248
129 249
129 250
129 251
129 252
129 253
129 254
129 255
129 256
129 257
129 258
129 259
129 260
129 261
129 262
129 263
129 264
