N:78 E:77
1 -0.784796 0.414954
2 -0.572569 0.428469
3 0.361869 0.223722
4 -0.728197 0.309827
5 -1.053392 0.543975
6 -0.731120 0.529571
7 -0.784584 0.209447
8 -0.644900 0.613748
9 -0.682387 0.184084
10 -0.575084 0.703633
11 -0.777735 0.661308
12 -0.884305 0.377517
13 -0.832220 0.582770
14 -0.588688 0.244655
15 -0.690935 0.710923
16 -0.850208 0.285036
17 -0.868311 0.487768
18 -0.503513 0.608270
19 0.542961 0.246877
20 1.424345 0.567327
21 0.418924 -0.309744
22 0.090095 -0.236779
23 0.236126 0.445120
24 0.487784 0.372280
25 0.556932 0.114112
26 0.319721 0.489226
27 0.225899 0.308848
28 0.376262 -0.036864
29 0.243277 0.107746
30 0.426352 0.071816
31 0.406225 0.443494
32 0.158499 0.043966
33 0.268912 -0.015629
34 0.117216 0.154627
35 0.148235 0.385899
36 0.502039 -0.003022
37 0.111384 0.261533
38 -1.305943 0.666731
39 -1.334266 0.547733
40 1.203400 0.594925
41 1.238563 0.491218
42 1.800689 0.607040
43 1.637823 0.768627
44 1.783828 0.707181
45 1.394274 0.796596
46 1.317726 0.709296
47 1.195852 0.702829
48 1.513503 0.354358
49 1.691349 0.474883
50 1.399817 0.396324
51 1.236227 0.801142
52 1.638448 0.286516
53 1.495798 0.841526
54 1.795151 0.513489
55 1.578670 0.501969
56 1.768139 0.422505
57 1.385572 0.908718
58 1.301787 0.868381
59 1.655546 0.859950
60 1.729885 0.793162
61 1.352590 0.294948
62 1.713898 0.347596
63 1.704880 0.678502
64 1.705249 0.577505
65 1.449405 0.257236
66 1.528673 0.750050
67 1.577865 0.897193
68 1.596482 0.649022
69 1.549375 0.254424
70 1.480702 0.929175
71 1.271413 0.383392
72 1.619865 0.386673
73 0.538957 -0.553278
74 0.352335 -0.578598
75 0.448388 -0.597230
76 -0.118407 -0.408409
77 0.040039 -0.508547
78 -0.055317 -0.485926
1 2
2 3
2 4
2 5
2 6
2 7
2 8
2 9
2 10
2 11
2 12
2 13
2 14
2 15
2 16
2 17
2 18
3 19
3 20
3 21
3 22
3 23
3 24
3 25
3 26
3 27
3 28
3 29
3 30
3 31
3 32
3 33
3 34
3 35
3 36
3 37
5 38
5 39
20 40
20 41
20 42
20 43
20 44
20 45
20 46
20 47
20 48
20 49
20 50
20 51
20 52
20 53
20 54
20 55
20 56
20 57
20 58
20 59
20 60
20 61
20 62
20 63
20 64
20 65
20 66
20 67
20 68
20 69
20 70
20 71
20 72
21 73
21 74
21 75
22 76
22 77
22 78
