N:111 E:110
1 0.125451 0.483519
2 -0.394312 0.423384
3 0.604004 0.972471
4 0.303510 0.333660
5 0.269589 0.537963
6 -0.153200 0.266166
7 -0.045841 0.326730
8 0.173256 0.632485
9 -0.081493 0.771408
10 0.122232 0.326638
11 0.170203 -0.191107
12 0.325668 0.440066
13 0.016317 0.396449
14 0.011960 0.264715
15 0.941813 1.235587
16 -0.062072 0.503820
17 0.179545 0.158635
18 0.393312 0.161153
19 0.214242 0.283318
20 -0.229445 0.448131
21 0.073921 0.686736
22 -0.360085 -0.102699
23 0.237250 0.393185
24 -0.232768 0.563302
25 0.093310 0.247121
26 -0.212123 0.649689
27 -0.160749 0.721347
28 -0.087090 0.415924
29 0.035977 0.608672
30 -0.048724 0.596246
31 -0.638752 0.323373
32 -0.664593 0.478654
33 -0.670668 0.397342
34 0.413932 1.147300
35 0.521474 1.331003
36 0.374016 1.445026
37 1.266811 0.703324
38 0.393357 1.058012
39 0.771293 0.807475
40 0.788371 0.989713
41 0.569875 1.197309
42 0.487289 1.184270
43 0.817161 0.897589
44 0.618800 1.106095
45 0.717949 0.885359
46 0.665823 1.181191
47 0.672553 0.785708
48 0.488132 1.078897
49 0.564659 0.838948
50 0.444807 0.962019
51 0.739781 1.079514
52 -0.351139 0.127664
53 -0.249995 0.970008
54 0.248857 -0.388062
55 0.088817 -0.457767
56 0.146276 -0.399618
57 0.181260 -0.476813
58 0.334989 -0.386896
59 0.267622 -0.461242
60 0.038163 -0.388433
61 1.231164 1.409548
62 0.836398 1.457669
63 1.015050 1.425896
64 0.959523 1.486933
65 1.098655 1.108619
66 0.964041 1.559537
67 0.883518 1.524697
68 1.106670 1.530480
69 1.178212 1.323086
70 1.109323 1.260206
71 1.092852 1.458033
72 1.188925 1.119768
73 1.036581 1.539222
74 1.156904 1.192969
75 0.908807 1.407530
76 1.241916 1.265420
77 1.242318 1.195664
78 1.159406 1.407194
79 1.257735 1.335994
80 1.078302 1.355577
81 1.175207 1.483002
82 0.223703 -0.055777
83 0.583126 0.001679
84 0.516717 -0.053872
85 -0.489325 0.446266
86 -0.650006 -0.295919
87 -0.620275 -0.552642
88 -0.571050 -0.190002
89 -0.514699 -0.272761
90 -0.441317 -0.322130
91 -0.491781 0.639229
92 -0.458702 0.774619
93 -0.376525 0.888687
94 0.477512 1.591065
95 0.201346 1.641085
96 0.258200 1.694757
97 0.333685 1.712697
98 1.515610 0.559515
99 1.472412 0.677269
100 1.552862 0.712655
101 1.430767 0.585087
102 1.547625 0.630163
103 1.369868 0.496888
104 1.503352 0.775282
105 1.453590 0.500225
106 -0.852712 -0.424527
107 -0.851686 -0.954363
108 -1.042611 -1.053488
109 -0.857734 -1.166760
110 -1.004486 -1.126817
111 -0.939185 -1.170102
1 2
1 3
1 4
1 5
1 6
1 7
1 8
1 9
1 10
1 11
1 12
1 13
1 14
1 15
1 16
1 17
1 18
1 19
1 20
1 21
1 22
1 23
1 24
1 25
1 26
1 27
1 28
1 29
1 30
2 31
2 32
2 33
3 34
3 35
3 36
3 37
3 38
3 39
3 40
3 41
3 42
3 43
3 44
3 45
3 46
3 47
3 48
3 49
3 50
3 51
6 52
9 53
11 54
11 55
11 56
11 57
11 58
11 59
11 60
15 61
15 62
15 63
15 64
15 65
15 66
15 67
15 68
15 69
15 70
15 71
15 72
15 73
15 74
15 75
15 76
15 77
15 78
15 79
15 80
15 81
17 82
18 83
18 84
20 85
22 86
22 87
22 88
22 89
22 90
24 91
26 92
27 93
35 94
36 95
36 96
36 97
37 98
37 99
37 100
37 101
37 102
37 103
37 104
37 105
86 106
87 107
107 108
107 109
107 110
107 111
