N:113 E:112
1 0.500295 -0.029203
2 0.348294 -0.095337
3 0.821613 0.929345
4 0.254135 -0.295806
5 0.334159 -0.586510
6 0.493992 -0.140747
7 0.144674 0.139719
8 0.206175 -0.045360
9 0.420046 0.047959
10 0.396303 -0.228652
11 0.064770 -0.621275
12 -0.045155 0.054391
13 0.630145 -0.668295
14 -0.312696 -0.198122
15 0.609905 -0.347874
16 0.807842 -0.244258
17 -0.032883 -0.360352
18 0.210601 -0.157191
19 0.306988 0.049114
20 0.284751 1.295590
21 1.447112 1.320789
22 1.250373 0.823726
23 0.789806 1.652238
24 0.605836 1.164152
25 1.219862 0.947736
26 1.011360 1.304943
27 1.057120 0.677499
28 0.182736 -0.444400
29 0.315801 -0.860812
30 0.333910 -0.786038
31 0.245161 -0.796414
32 0.411447 -0.802424
33 0.058440 0.307640
34 -0.017475 0.252188
35 -0.029172 -0.891007
36 0.047388 -0.872526
37 -0.136808 -0.773532
38 -0.108533 -0.848743
39 -0.037376 -0.807661
40 -0.263064 0.064470
41 -0.255888 0.139904
42 -0.218496 0.205367
43 0.817543 -0.864715
44 0.717712 -0.854190
45 0.614186 -0.911998
46 0.761480 -0.921900
47 0.832963 -0.792400
48 0.681782 -0.942821
49 -0.574907 -0.315751
50 -0.594595 -0.232891
51 -0.516168 -0.193497
52 -0.584110 -0.145247
53 -0.502460 -0.374009
54 -0.521152 -0.089508
55 -0.501843 -0.289874
56 0.783323 -0.419240
57 0.770704 -0.503688
58 0.679054 -0.513489
59 1.051872 -0.350328
60 1.028376 -0.220653
61 1.002141 -0.295980
62 0.982340 -0.402810
63 -0.178471 -0.469421
64 -0.249040 -0.510014
65 -0.239007 -0.401533
66 -0.158148 -0.552871
67 0.033161 1.319491
68 0.083153 1.480229
69 0.039097 1.411418
70 0.239845 1.514414
71 0.153600 1.529707
72 0.111435 1.363572
73 0.168673 1.444159
74 0.087633 1.250619
75 1.708858 1.453390
76 1.569851 1.481519
77 1.657675 1.517863
78 1.646477 1.327911
79 1.587117 1.564384
80 1.636434 1.419306
81 1.726711 1.369649
82 1.701520 1.276703
83 1.503482 1.549208
84 1.504517 0.765911
85 1.454830 0.695024
86 1.509337 0.847650
87 0.878515 1.822759
88 0.886783 1.915752
89 0.649629 1.886800
90 0.951176 1.849362
91 0.796380 1.864751
92 0.722444 1.927911
93 0.713583 1.826199
94 0.621403 1.803402
95 0.805633 1.943213
96 0.477148 1.091444
97 0.451114 1.197352
98 0.555808 1.354206
99 0.642925 1.304297
100 0.487096 1.294474
101 1.392974 0.876266
102 1.418690 1.039747
103 1.323623 1.069165
104 1.332087 0.796698
105 1.426166 0.962341
106 1.164077 1.451711
107 0.964689 1.453862
108 1.037972 1.502754
109 1.155093 1.366392
110 1.115762 1.515413
111 1.236590 0.590629
112 1.210417 0.514570
113 1.115988 0.522005
1 2
2 3
2 4
2 5
2 6
2 7
2 8
2 9
2 10
2 11
2 12
2 13
2 14
2 15
2 16
2 17
2 18
2 19
3 20
3 21
3 22
3 23
3 24
3 25
3 26
3 27
4 28
5 29
5 30
5 31
5 32
7 33
7 34
11 35
11 36
11 37
11 38
11 39
12 40
12 41
12 42
13 43
13 44
13 45
13 46
13 47
13 48
14 49
14 50
14 51
14 52
14 53
14 54
14 55
15 56
15 57
15 58
16 59
16 60
16 61
16 62
17 63
17 64
17 65
17 66
20 67
20 68
20 69
20 70
20 71
20 72
20 73
20 74
21 75
21 76
21 77
21 78
21 79
21 80
21 81
21 82
21 83
22 84
22 85
22 86
23 87
23 88
23 89
23 90
23 91
23 92
23 93
23 94
23 95
24 96
24 97
24 98
24 99
24 100
25 101
25 102
25 103
25 104
25 105
26 106
26 107
26 108
26 109
26 110
27 111
27 112
27 113
