N:2007 E:2006
1 2
1 3
1 4
1 5
1 6
1 7
1 8
1 9
1 10
1 11
1 12
1 13
1 14
1 15
1 16
1 17
2 18
2 19
6 20
6 21
6 22
6 23
6 24
6 25
8 26
8 27
9 28
9 29
9 30
9 31
16 32
18 33
18 34
18 35
18 36
18 37
18 38
18 39
18 40
18 41
18 42
18 43
18 44
18 45
18 46
18 47
18 48
18 49
18 50
18 51
18 52
18 53
18 54
18 55
18 56
18 57
18 58
18 59
18 60
18 61
18 62
18 63
18 64
18 65
18 66
18 67
18 68
18 69
18 70
19 71
20 72
20 73
20 74
20 75
20 76
20 77
20 78
20 79
20 80
21 81
21 82
22 83
22 84
22 85
22 86
22 87
22 88
22 89
22 90
22 91
22 92
23 93
24 94
24 95
24 96
24 97
24 98
24 99
24 100
24 101
24 102
24 103
24 104
24 105
25 106
28 107
28 108
28 109
28 110
29 111
29 112
30 113
30 114
30 115
31 116
31 117
31 118
31 119
31 120
31 121
31 122
31 123
31 124
31 125
32 126
32 127
32 128
32 129
32 130
32 131
32 132
34 133
35 134
36 135
38 136
38 137
39 138
39 139
39 140
39 141
41 142
41 143
41 144
41 145
41 146
41 147
42 148
42 149
43 150
43 151
44 152
44 153
44 154
48 155
48 156
48 157
51 158
51 159
51 160
51 161
51 162
51 163
51 164
51 165
51 166
51 167
51 168
51 169
55 170
55 171
56 172
56 173
56 174
56 175
56 176
57 177
57 178
57 179
57 180
57 181
57 182
57 183
58 184
59 185
63 186
64 187
64 188
65 189
66 190
66 191
66 192
66 193
66 194
66 195
66 196
66 197
71 198
72 199
72 200
72 201
72 202
72 203
73 204
74 205
74 206
74 207
74 208
74 209
74 210
74 211
74 212
74 213
74 214
74 215
74 216
74 217
74 218
74 219
80 220
80 221
80 222
80 223
80 224
80 225
80 226
80 227
80 228
80 229
80 230
80 231
83 232
83 233
83 234
83 235
84 236
84 237
84 238
84 239
85 240
85 241
85 242
85 243
85 244
85 245
85 246
85 247
85 248
85 249
86 250
86 251
86 252
86 253
86 254
86 255
86 256
86 257
86 258
86 259
86 260
86 261
86 262
86 263
86 264
86 265
86 266
86 267
86 268
86 269
86 270
86 271
87 272
87 273
87 274
87 275
88 276
88 277
88 278
88 279
88 280
88 281
88 282
88 283
88 284
88 285
88 286
88 287
88 288
88 289
88 290
88 291
88 292
88 293
88 294
88 295
88 296
88 297
88 298
88 299
88 300
88 301
88 302
89 303
89 304
89 305
89 306
89 307
89 308
89 309
90 310
90 311
90 312
90 313
91 314
92 315
92 316
92 317
92 318
92 319
94 320
94 321
94 322
94 323
94 324
94 325
94 326
94 327
94 328
94 329
94 330
94 331
94 332
94 333
94 334
94 335
94 336
94 337
94 338
94 339
94 340
94 341
94 342
94 343
94 344
94 345
94 346
94 347
94 348
94 349
94 350
94 351
94 352
94 353
95 354
96 355
96 356
96 357
96 358
96 359
96 360
97 361
97 362
97 363
97 364
97 365
97 366
97 367
97 368
97 369
97 370
97 371
97 372
98 373
99 374
99 375
99 376
99 377
102 378
103 379
103 380
103 381
103 382
103 383
103 384
103 385
103 386
103 387
103 388
103 389
105 390
107 391
107 392
107 393
107 394
107 395
107 396
107 397
107 398
107 399
107 400
107 401
107 402
107 403
107 404
107 405
107 406
107 407
111 408
111 409
112 410
112 411
112 412
113 413
113 414
113 415
113 416
113 417
114 418
117 419
117 420
117 421
117 422
117 423
117 424
117 425
117 426
118 427
118 428
118 429
118 430
119 431
119 432
122 433
122 434
123 435
126 436
126 437
126 438
126 439
126 440
126 441
126 442
126 443
126 444
126 445
127 446
127 447
127 448
127 449
127 450
128 451
128 452
128 453
128 454
128 455
128 456
129 457
129 458
129 459
131 460
131 461
131 462
132 463
136 464
137 465
137 466
137 467
137 468
138 469
138 470
139 471
139 472
140 473
140 474
140 475
140 476
140 477
140 478
140 479
140 480
140 481
140 482
140 483
140 484
142 485
143 486
148 487
154 488
154 489
162 490
172 491
172 492
172 493
173 494
173 495
173 496
173 497
173 498
173 499
173 500
173 501
176 502
176 503
176 504
176 505
182 506
183 507
183 508
189 509
190 510
192 511
197 512
197 513
198 514
199 515
205 516
205 517
205 518
206 519
207 520
207 521
208 522
209 523
209 524
209 525
209 526
209 527
210 528
210 529
210 530
211 531
211 532
211 533
211 534
211 535
211 536
214 537
220 538
220 539
221 540
221 541
221 542
221 543
221 544
221 545
221 546
222 547
222 548
222 549
222 550
222 551
222 552
223 553
223 554
223 555
223 556
223 557
223 558
223 559
223 560
224 561
224 562
224 563
224 564
224 565
225 566
225 567
225 568
225 569
227 570
227 571
227 572
227 573
229 574
229 575
229 576
230 577
230 578
230 579
230 580
230 581
233 582
233 583
233 584
233 585
233 586
233 587
233 588
233 589
233 590
233 591
233 592
233 593
233 594
233 595
233 596
233 597
233 598
233 599
233 600
233 601
233 602
233 603
233 604
233 605
233 606
236 607
236 608
238 609
239 610
239 611
239 612
239 613
239 614
239 615
239 616
239 617
240 618
240 619
242 620
242 621
242 622
242 623
253 624
254 625
254 626
254 627
254 628
254 629
254 630
254 631
254 632
254 633
254 634
254 635
254 636
254 637
254 638
254 639
254 640
254 641
254 642
254 643
254 644
254 645
254 646
254 647
254 648
261 649
263 650
267 651
269 652
270 653
271 654
280 655
280 656
280 657
280 658
280 659
280 660
280 661
280 662
280 663
280 664
280 665
280 666
280 667
280 668
280 669
280 670
280 671
280 672
280 673
280 674
280 675
280 676
280 677
280 678
280 679
280 680
280 681
280 682
280 683
280 684
280 685
280 686
280 687
280 688
280 689
280 690
280 691
280 692
280 693
280 694
280 695
280 696
281 697
286 698
286 699
286 700
286 701
286 702
286 703
286 704
286 705
289 706
289 707
289 708
289 709
289 710
289 711
289 712
289 713
289 714
289 715
289 716
296 717
296 718
296 719
296 720
296 721
296 722
296 723
296 724
296 725
296 726
296 727
296 728
296 729
296 730
296 731
296 732
296 733
297 734
298 735
298 736
298 737
298 738
298 739
298 740
298 741
298 742
298 743
298 744
298 745
298 746
298 747
298 748
298 749
298 750
298 751
299 752
299 753
299 754
299 755
299 756
299 757
299 758
299 759
299 760
299 761
299 762
299 763
299 764
300 765
301 766
301 767
301 768
301 769
301 770
301 771
301 772
301 773
301 774
302 775
302 776
302 777
305 778
306 779
306 780
307 781
308 782
309 783
309 784
309 785
309 786
309 787
310 788
311 789
313 790
313 791
313 792
316 793
319 794
319 795
320 796
320 797
320 798
320 799
320 800
320 801
320 802
320 803
320 804
321 805
321 806
321 807
321 808
321 809
323 810
324 811
324 812
324 813
324 814
324 815
327 816
327 817
327 818
327 819
334 820
334 821
335 822
335 823
342 824
343 825
343 826
346 827
350 828
350 829
350 830
352 831
353 832
353 833
354 834
354 835
356 836
367 837
367 838
372 839
373 840
373 841
373 842
373 843
373 844
373 845
373 846
373 847
373 848
373 849
373 850
378 851
381 852
381 853
381 854
382 855
382 856
384 857
384 858
384 859
384 860
384 861
390 862
390 863
390 864
390 865
391 866
394 867
397 868
400 869
406 870
406 871
406 872
409 873
413 874
419 875
419 876
420 877
420 878
420 879
420 880
422 881
422 882
422 883
423 884
423 885
423 886
426 887
430 888
436 889
436 890
440 891
441 892
441 893
442 894
442 895
442 896
442 897
444 898
445 899
446 900
447 901
447 902
447 903
448 904
448 905
448 906
448 907
448 908
448 909
452 910
452 911
452 912
453 913
454 914
455 915
455 916
456 917
456 918
457 919
457 920
458 921
458 922
459 923
459 924
459 925
459 926
462 927
462 928
462 929
462 930
462 931
462 932
462 933
464 934
464 935
464 936
465 937
465 938
465 939
465 940
467 941
469 942
469 943
469 944
469 945
471 946
472 947
491 948
492 949
492 950
492 951
492 952
492 953
492 954
492 955
492 956
492 957
493 958
493 959
493 960
493 961
493 962
493 963
494 964
502 965
502 966
502 967
502 968
502 969
503 970
503 971
505 972
505 973
509 974
509 975
509 976
509 977
509 978
509 979
509 980
509 981
514 982
514 983
515 984
515 985
522 986
523 987
530 988
530 989
530 990
530 991
530 992
532 993
534 994
534 995
535 996
535 997
535 998
535 999
537 1000
537 1001
538 1002
539 1003
539 1004
539 1005
541 1006
543 1007
543 1008
543 1009
543 1010
544 1011
544 1012
546 1013
546 1014
546 1015
546 1016
546 1017
546 1018
546 1019
548 1020
548 1021
549 1022
550 1023
550 1024
550 1025
550 1026
550 1027
550 1028
550 1029
550 1030
552 1031
552 1032
552 1033
552 1034
554 1035
554 1036
554 1037
555 1038
555 1039
555 1040
555 1041
556 1042
557 1043
558 1044
559 1045
560 1046
560 1047
560 1048
560 1049
560 1050
560 1051
560 1052
566 1053
566 1054
567 1055
567 1056
569 1057
569 1058
570 1059
570 1060
570 1061
570 1062
570 1063
570 1064
570 1065
572 1066
572 1067
572 1068
572 1069
572 1070
572 1071
572 1072
572 1073
572 1074
572 1075
572 1076
572 1077
572 1078
572 1079
572 1080
572 1081
573 1082
573 1083
575 1084
575 1085
575 1086
575 1087
576 1088
577 1089
577 1090
579 1091
579 1092
579 1093
579 1094
579 1095
579 1096
579 1097
579 1098
579 1099
579 1100
579 1101
579 1102
579 1103
579 1104
579 1105
579 1106
579 1107
579 1108
582 1109
583 1110
583 1111
586 1112
586 1113
587 1114
587 1115
587 1116
591 1117
591 1118
591 1119
591 1120
591 1121
594 1122
594 1123
594 1124
594 1125
594 1126
594 1127
594 1128
597 1129
598 1130
598 1131
598 1132
598 1133
601 1134
601 1135
602 1136
602 1137
602 1138
604 1139
604 1140
607 1141
607 1142
607 1143
607 1144
607 1145
608 1146
608 1147
608 1148
610 1149
610 1150
613 1151
617 1152
619 1153
622 1154
632 1155
642 1156
645 1157
657 1158
657 1159
663 1160
663 1161
663 1162
663 1163
663 1164
663 1165
663 1166
664 1167
664 1168
664 1169
664 1170
664 1171
664 1172
664 1173
664 1174
665 1175
665 1176
665 1177
665 1178
668 1179
668 1180
671 1181
671 1182
671 1183
671 1184
672 1185
673 1186
673 1187
673 1188
673 1189
673 1190
673 1191
673 1192
673 1193
673 1194
674 1195
674 1196
674 1197
674 1198
675 1199
675 1200
675 1201
675 1202
675 1203
675 1204
676 1205
676 1206
676 1207
676 1208
676 1209
676 1210
676 1211
676 1212
676 1213
677 1214
677 1215
677 1216
677 1217
677 1218
677 1219
677 1220
677 1221
677 1222
677 1223
677 1224
677 1225
677 1226
677 1227
677 1228
678 1229
678 1230
678 1231
679 1232
680 1233
680 1234
680 1235
680 1236
681 1237
681 1238
682 1239
682 1240
684 1241
685 1242
687 1243
688 1244
688 1245
688 1246
690 1247
690 1248
709 1249
709 1250
710 1251
710 1252
710 1253
712 1254
712 1255
715 1256
719 1257
719 1258
719 1259
719 1260
719 1261
720 1262
720 1263
720 1264
720 1265
720 1266
720 1267
720 1268
720 1269
720 1270
720 1271
720 1272
720 1273
720 1274
720 1275
720 1276
720 1277
721 1278
721 1279
721 1280
721 1281
722 1282
722 1283
722 1284
722 1285
722 1286
722 1287
723 1288
726 1289
726 1290
726 1291
727 1292
727 1293
727 1294
727 1295
727 1296
727 1297
729 1298
729 1299
730 1300
730 1301
730 1302
730 1303
730 1304
730 1305
730 1306
730 1307
730 1308
730 1309
730 1310
730 1311
730 1312
730 1313
730 1314
730 1315
730 1316
730 1317
730 1318
730 1319
730 1320
730 1321
730 1322
730 1323
730 1324
730 1325
730 1326
730 1327
730 1328
730 1329
730 1330
730 1331
730 1332
730 1333
730 1334
730 1335
730 1336
730 1337
730 1338
730 1339
730 1340
730 1341
739 1342
739 1343
739 1344
739 1345
739 1346
740 1347
740 1348
741 1349
741 1350
741 1351
742 1352
742 1353
742 1354
743 1355
743 1356
743 1357
744 1358
744 1359
744 1360
744 1361
752 1362
752 1363
752 1364
752 1365
753 1366
753 1367
753 1368
753 1369
754 1370
754 1371
754 1372
754 1373
755 1374
756 1375
756 1376
756 1377
757 1378
757 1379
758 1380
760 1381
760 1382
766 1383
766 1384
769 1385
769 1386
769 1387
769 1388
769 1389
769 1390
769 1391
769 1392
769 1393
769 1394
769 1395
769 1396
770 1397
770 1398
770 1399
770 1400
770 1401
770 1402
771 1403
771 1404
771 1405
771 1406
775 1407
777 1408
777 1409
777 1410
782 1411
782 1412
782 1413
783 1414
783 1415
783 1416
783 1417
783 1418
784 1419
785 1420
786 1421
787 1422
787 1423
788 1424
789 1425
789 1426
790 1427
796 1428
796 1429
803 1430
816 1431
816 1432
816 1433
816 1434
820 1435
822 1436
822 1437
822 1438
822 1439
822 1440
827 1441
827 1442
828 1443
828 1444
828 1445
829 1446
829 1447
829 1448
829 1449
829 1450
829 1451
830 1452
830 1453
834 1454
834 1455
840 1456
840 1457
840 1458
840 1459
840 1460
840 1461
840 1462
841 1463
841 1464
841 1465
841 1466
841 1467
841 1468
842 1469
842 1470
842 1471
842 1472
842 1473
843 1474
843 1475
843 1476
851 1477
851 1478
854 1479
854 1480
855 1481
855 1482
855 1483
855 1484
855 1485
855 1486
855 1487
855 1488
855 1489
857 1490
858 1491
858 1492
859 1493
862 1494
864 1495
867 1496
867 1497
869 1498
869 1499
873 1500
873 1501
873 1502
873 1503
875 1504
875 1505
877 1506
877 1507
877 1508
877 1509
877 1510
877 1511
884 1512
884 1513
884 1514
884 1515
884 1516
884 1517
884 1518
884 1519
885 1520
885 1521
885 1522
885 1523
887 1524
887 1525
889 1526
890 1527
890 1528
891 1529
891 1530
892 1531
895 1532
895 1533
896 1534
898 1535
898 1536
898 1537
898 1538
898 1539
898 1540
898 1541
898 1542
898 1543
898 1544
898 1545
898 1546
898 1547
898 1548
898 1549
898 1550
898 1551
898 1552
898 1553
898 1554
898 1555
898 1556
898 1557
898 1558
898 1559
898 1560
898 1561
898 1562
898 1563
898 1564
898 1565
898 1566
898 1567
900 1568
900 1569
900 1570
900 1571
900 1572
900 1573
901 1574
902 1575
902 1576
902 1577
902 1578
902 1579
902 1580
902 1581
903 1582
903 1583
903 1584
904 1585
904 1586
913 1587
917 1588
919 1589
919 1590
919 1591
920 1592
920 1593
921 1594
921 1595
921 1596
923 1597
926 1598
927 1599
927 1600
927 1601
928 1602
931 1603
931 1604
931 1605
941 1606
944 1607
949 1608
949 1609
949 1610
951 1611
951 1612
951 1613
952 1614
955 1615
970 1616
980 1617
980 1618
980 1619
980 1620
984 1621
986 1622
988 1623
990 1624
1002 1625
1002 1626
1004 1627
1004 1628
1005 1629
1006 1630
1006 1631
1006 1632
1008 1633
1008 1634
1008 1635
1022 1636
1028 1637
1028 1638
1028 1639
1028 1640
1029 1641
1029 1642
1030 1643
1031 1644
1031 1645
1031 1646
1031 1647
1031 1648
1031 1649
1031 1650
1032 1651
1039 1652
1039 1653
1039 1654
1041 1655
1043 1656
1045 1657
1045 1658
1045 1659
1045 1660
1046 1661
1046 1662
1057 1663
1057 1664
1057 1665
1151 1666
1153 1667
1153 1668
1153 1669
1153 1670
1154 1671
1154 1672
1160 1673
1160 1674
1160 1675
1160 1676
1160 1677
1160 1678
1161 1679
1162 1680
1168 1681
1176 1682
1177 1683
1179 1684
1180 1685
1182 1686
1187 1687
1187 1688
1199 1689
1199 1690
1200 1691
1200 1692
1200 1693
1200 1694
1200 1695
1203 1696
1214 1697
1214 1698
1216 1699
1219 1700
1219 1701
1232 1702
1232 1703
1235 1704
1240 1705
1240 1706
1244 1707
1254 1708
1254 1709
1254 1710
1254 1711
1255 1712
1255 1713
1282 1714
1289 1715
1289 1716
1290 1717
1290 1718
1291 1719
1291 1720
1291 1721
1291 1722
1294 1723
1296 1724
1298 1725
1302 1726
1302 1727
1302 1728
1302 1729
1302 1730
1347 1731
1351 1732
1352 1733
1352 1734
1352 1735
1352 1736
1353 1737
1353 1738
1355 1739
1355 1740
1357 1741
1358 1742
1358 1743
1358 1744
1359 1745
1359 1746
1375 1747
1383 1748
1383 1749
1388 1750
1408 1751
1416 1752
1432 1753
1436 1754
1436 1755
1437 1756
1441 1757
1443 1758
1443 1759
1443 1760
1443 1761
1443 1762
1443 1763
1444 1764
1444 1765
1445 1766
1445 1767
1445 1768
1445 1769
1445 1770
1477 1771
1477 1772
1483 1773
1484 1774
1490 1775
1490 1776
1491 1777
1493 1778
1493 1779
1504 1780
1504 1781
1506 1782
1506 1783
1506 1784
1506 1785
1524 1786
1524 1787
1529 1788
1529 1789
1529 1790
1529 1791
1530 1792
1533 1793
1582 1794
1583 1795
1589 1796
1589 1797
1589 1798
1592 1799
1592 1800
1592 1801
1592 1802
1592 1803
1592 1804
1592 1805
1592 1806
1607 1807
1607 1808
1612 1809
1612 1810
1625 1811
1625 1812
1625 1813
1625 1814
1632 1815
1632 1816
1632 1817
1632 1818
1632 1819
1632 1820
1652 1821
1654 1822
1673 1823
1673 1824
1673 1825
1673 1826
1673 1827
1673 1828
1673 1829
1706 1830
1706 1831
1706 1832
1710 1833
1715 1834
1717 1835
1719 1836
1719 1837
1719 1838
1720 1839
1721 1840
1731 1841
1731 1842
1732 1843
1732 1844
1744 1845
1745 1846
1745 1847
1745 1848
1745 1849
1745 1850
1745 1851
1746 1852
1746 1853
1748 1854
1751 1855
1753 1856
1755 1857
1755 1858
1757 1859
1757 1860
1758 1861
1758 1862
1758 1863
1758 1864
1761 1865
1763 1866
1764 1867
1764 1868
1765 1869
1766 1870
1766 1871
1766 1872
1766 1873
1767 1874
1768 1875
1772 1876
1778 1877
1778 1878
1778 1879
1778 1880
1778 1881
1778 1882
1778 1883
1778 1884
1778 1885
1778 1886
1778 1887
1778 1888
1778 1889
1778 1890
1778 1891
1778 1892
1778 1893
1778 1894
1778 1895
1778 1896
1778 1897
1778 1898
1778 1899
1778 1900
1778 1901
1779 1902
1783 1903
1783 1904
1784 1905
1784 1906
1784 1907
1784 1908
1784 1909
1784 1910
1784 1911
1784 1912
1784 1913
1784 1914
1786 1915
1794 1916
1794 1917
1794 1918
1796 1919
1821 1920
1836 1921
1837 1922
1838 1923
1841 1924
1843 1925
1843 1926
1844 1927
1845 1928
1845 1929
1845 1930
1845 1931
1845 1932
1861 1933
1863 1934
1867 1935
1868 1936
1870 1937
1871 1938
1872 1939
1876 1940
1876 1941
1877 1942
1881 1943
1884 1944
1903 1945
1903 1946
1903 1947
1904 1948
1904 1949
1904 1950
1904 1951
1904 1952
1904 1953
1905 1954
1908 1955
1908 1956
1909 1957
1909 1958
1909 1959
1910 1960
1910 1961
1910 1962
1912 1963
1950 1964
1955 1965
1955 1966
1955 1967
1956 1968
1957 1969
1957 1970
1960 1971
1960 1972
1960 1973
1960 1974
1961 1975
1961 1976
1962 1977
1962 1978
1966 1979
1966 1980
1968 1981
1971 1982
1971 1983
1971 1984
1971 1985
1971 1986
1971 1987
1972 1988
1972 1989
1973 1990
1973 1991
1973 1992
1974 1993
1974 1994
1976 1995
1981 1996
1987 1997
1987 1998
1988 1999
1988 2000
1997 2001
1999 2002
1999 2003
2000 2004
2000 2005
2000 2006
2000 2007
