N:7759 E:7758
1 2
1 3
1 4
1 5
1 6
1 7
1 8
1 9
1 10
1 11
1 12
2 13
2 14
2 15
2 16
3 17
3 18
3 19
3 20
3 21
3 22
3 23
3 24
3 25
3 26
3 27
3 28
3 29
3 30
3 31
3 32
3 33
3 34
3 35
3 36
3 37
3 38
3 39
3 40
3 41
3 42
3 43
3 44
3 45
3 46
3 47
3 48
3 49
3 50
3 51
3 52
3 53
3 54
3 55
3 56
3 57
3 58
3 59
3 60
4 61
4 62
4 63
4 64
4 65
4 66
4 67
4 68
4 69
6 70
7 71
7 72
7 73
7 74
9 75
10 76
10 77
10 78
10 79
10 80
10 81
10 82
10 83
10 84
10 85
10 86
10 87
10 88
10 89
11 90
11 91
11 92
11 93
12 94
13 95
13 96
13 97
13 98
13 99
13 100
13 101
13 102
13 103
13 104
13 105
13 106
13 107
13 108
13 109
14 110
14 111
14 112
14 113
14 114
14 115
14 116
14 117
14 118
14 119
14 120
14 121
14 122
14 123
14 124
14 125
15 126
15 127
15 128
15 129
15 130
15 131
15 132
15 133
15 134
15 135
15 136
15 137
15 138
15 139
15 140
15 141
15 142
15 143
15 144
15 145
15 146
15 147
15 148
15 149
15 150
16 151
16 152
16 153
17 154
17 155
17 156
17 157
17 158
17 159
17 160
17 161
17 162
17 163
17 164
17 165
17 166
17 167
17 168
17 169
17 170
17 171
17 172
17 173
17 174
17 175
17 176
17 177
17 178
18 179
18 180
18 181
18 182
18 183
18 184
18 185
18 186
18 187
18 188
18 189
18 190
18 191
18 192
18 193
18 194
18 195
18 196
18 197
18 198
18 199
18 200
18 201
18 202
18 203
18 204
19 205
19 206
19 207
20 208
20 209
20 210
20 211
20 212
20 213
21 214
21 215
21 216
22 217
28 218
28 219
28 220
28 221
28 222
28 223
28 224
28 225
28 226
28 227
28 228
28 229
28 230
28 231
28 232
28 233
28 234
28 235
28 236
28 237
28 238
28 239
28 240
28 241
28 242
28 243
28 244
28 245
28 246
28 247
28 248
28 249
28 250
28 251
28 252
28 253
28 254
28 255
28 256
28 257
28 258
28 259
28 260
28 261
28 262
28 263
28 264
28 265
28 266
28 267
28 268
28 269
28 270
28 271
28 272
28 273
28 274
28 275
28 276
28 277
28 278
28 279
28 280
28 281
28 282
28 283
28 284
28 285
28 286
28 287
28 288
28 289
28 290
28 291
28 292
28 293
28 294
28 295
28 296
28 297
28 298
28 299
28 300
28 301
28 302
28 303
28 304
28 305
28 306
28 307
28 308
28 309
28 310
28 311
28 312
28 313
28 314
28 315
28 316
28 317
28 318
28 319
28 320
28 321
28 322
28 323
28 324
28 325
29 326
29 327
29 328
29 329
29 330
29 331
29 332
29 333
29 334
30 335
30 336
30 337
30 338
31 339
31 340
31 341
31 342
31 343
31 344
31 345
31 346
31 347
31 348
31 349
31 350
34 351
34 352
34 353
34 354
34 355
34 356
34 357
34 358
35 359
35 360
35 361
35 362
35 363
35 364
38 365
38 366
38 367
38 368
39 369
39 370
39 371
39 372
39 373
39 374
39 375
39 376
39 377
39 378
39 379
39 380
39 381
39 382
39 383
39 384
39 385
39 386
39 387
39 388
39 389
39 390
42 391
43 392
43 393
43 394
43 395
43 396
43 397
43 398
43 399
43 400
43 401
43 402
43 403
43 404
43 405
43 406
43 407
43 408
43 409
43 410
43 411
43 412
43 413
43 414
43 415
43 416
43 417
43 418
43 419
43 420
43 421
43 422
43 423
43 424
43 425
43 426
43 427
43 428
43 429
43 430
43 431
45 432
45 433
45 434
45 435
45 436
45 437
45 438
45 439
45 440
46 441
47 442
47 443
47 444
47 445
47 446
47 447
47 448
47 449
48 450
48 451
50 452
51 453
51 454
51 455
51 456
51 457
51 458
52 459
52 460
52 461
52 462
52 463
52 464
52 465
52 466
52 467
52 468
52 469
52 470
53 471
53 472
53 473
53 474
53 475
53 476
53 477
53 478
53 479
53 480
53 481
53 482
53 483
53 484
53 485
53 486
53 487
54 488
54 489
54 490
54 491
55 492
55 493
55 494
55 495
55 496
55 497
55 498
55 499
55 500
55 501
56 502
56 503
56 504
56 505
56 506
56 507
56 508
56 509
56 510
56 511
56 512
56 513
56 514
56 515
56 516
56 517
56 518
56 519
56 520
56 521
56 522
56 523
56 524
56 525
56 526
56 527
56 528
56 529
56 530
56 531
56 532
56 533
56 534
56 535
56 536
56 537
56 538
56 539
56 540
56 541
56 542
56 543
56 544
56 545
56 546
56 547
56 548
56 549
56 550
56 551
56 552
56 553
56 554
56 555
56 556
56 557
56 558
56 559
56 560
56 561
56 562
56 563
56 564
56 565
56 566
56 567
56 568
56 569
56 570
56 571
56 572
56 573
56 574
56 575
56 576
56 577
56 578
56 579
56 580
56 581
56 582
56 583
56 584
56 585
56 586
56 587
56 588
56 589
57 590
57 591
57 592
57 593
57 594
57 595
58 596
58 597
58 598
58 599
58 600
58 601
58 602
58 603
58 604
59 605
61 606
61 607
61 608
61 609
61 610
61 611
61 612
61 613
61 614
61 615
61 616
61 617
61 618
61 619
61 620
61 621
61 622
61 623
61 624
61 625
61 626
61 627
61 628
61 629
61 630
61 631
61 632
61 633
61 634
61 635
61 636
61 637
61 638
61 639
61 640
61 641
61 642
61 643
61 644
63 645
63 646
63 647
63 648
63 649
63 650
63 651
64 652
64 653
65 654
65 655
67 656
67 657
67 658
67 659
67 660
67 661
67 662
67 663
67 664
67 665
67 666
68 667
68 668
72 669
73 670
73 671
73 672
73 673
73 674
73 675
73 676
73 677
73 678
73 679
73 680
73 681
73 682
74 683
74 684
74 685
74 686
76 687
76 688
76 689
76 690
76 691
76 692
76 693
76 694
76 695
77 696
77 697
77 698
77 699
77 700
77 701
77 702
77 703
77 704
77 705
77 706
77 707
77 708
77 709
77 710
77 711
77 712
77 713
77 714
77 715
77 716
77 717
77 718
77 719
77 720
77 721
77 722
77 723
77 724
77 725
77 726
77 727
77 728
77 729
77 730
77 731
77 732
77 733
77 734
77 735
77 736
77 737
77 738
77 739
77 740
77 741
77 742
77 743
82 744
82 745
82 746
82 747
82 748
82 749
82 750
82 751
82 752
84 753
84 754
84 755
84 756
84 757
84 758
84 759
84 760
84 761
85 762
85 763
85 764
85 765
85 766
85 767
85 768
85 769
85 770
85 771
85 772
85 773
85 774
85 775
85 776
85 777
85 778
85 779
85 780
85 781
85 782
85 783
85 784
85 785
85 786
85 787
85 788
85 789
85 790
85 791
85 792
85 793
85 794
85 795
85 796
85 797
85 798
85 799
85 800
85 801
90 802
90 803
91 804
91 805
93 806
95 807
95 808
95 809
95 810
95 811
95 812
95 813
95 814
95 815
95 816
95 817
95 818
95 819
95 820
95 821
95 822
95 823
95 824
95 825
95 826
96 827
96 828
96 829
96 830
96 831
96 832
97 833
97 834
97 835
97 836
97 837
97 838
98 839
98 840
98 841
98 842
98 843
98 844
98 845
98 846
98 847
98 848
98 849
98 850
98 851
98 852
99 853
100 854
100 855
100 856
100 857
100 858
100 859
100 860
100 861
100 862
100 863
100 864
101 865
101 866
101 867
101 868
101 869
101 870
101 871
101 872
101 873
102 874
103 875
103 876
103 877
103 878
104 879
104 880
104 881
104 882
105 883
106 884
106 885
106 886
106 887
107 888
108 889
108 890
108 891
108 892
108 893
108 894
110 895
110 896
110 897
110 898
110 899
110 900
110 901
110 902
110 903
113 904
113 905
113 906
114 907
114 908
115 909
115 910
115 911
115 912
115 913
115 914
115 915
115 916
116 917
116 918
116 919
116 920
116 921
116 922
116 923
118 924
118 925
118 926
118 927
118 928
118 929
118 930
118 931
118 932
124 933
124 934
124 935
124 936
124 937
124 938
124 939
125 940
125 941
125 942
125 943
125 944
126 945
126 946
126 947
126 948
126 949
126 950
126 951
128 952
128 953
128 954
128 955
128 956
128 957
128 958
129 959
129 960
129 961
129 962
129 963
129 964
130 965
130 966
130 967
130 968
130 969
130 970
130 971
130 972
130 973
130 974
131 975
131 976
131 977
131 978
131 979
131 980
132 981
132 982
133 983
133 984
134 985
138 986
140 987
140 988
140 989
140 990
140 991
140 992
141 993
144 994
144 995
147 996
147 997
147 998
147 999
147 1000
149 1001
151 1002
155 1003
156 1004
156 1005
156 1006
157 1007
157 1008
157 1009
157 1010
157 1011
157 1012
157 1013
158 1014
158 1015
158 1016
158 1017
158 1018
158 1019
158 1020
158 1021
158 1022
158 1023
158 1024
158 1025
158 1026
158 1027
160 1028
160 1029
160 1030
160 1031
160 1032
160 1033
160 1034
160 1035
160 1036
160 1037
160 1038
160 1039
160 1040
160 1041
160 1042
160 1043
162 1044
162 1045
162 1046
162 1047
162 1048
162 1049
162 1050
162 1051
162 1052
162 1053
162 1054
162 1055
163 1056
163 1057
163 1058
163 1059
163 1060
163 1061
163 1062
163 1063
163 1064
163 1065
163 1066
164 1067
164 1068
164 1069
164 1070
165 1071
165 1072
165 1073
166 1074
171 1075
171 1076
171 1077
171 1078
171 1079
171 1080
171 1081
171 1082
171 1083
171 1084
171 1085
171 1086
171 1087
171 1088
171 1089
171 1090
172 1091
172 1092
174 1093
175 1094
176 1095
176 1096
176 1097
176 1098
179 1099
182 1100
184 1101
187 1102
187 1103
187 1104
188 1105
188 1106
188 1107
188 1108
199 1109
199 1110
199 1111
199 1112
199 1113
199 1114
200 1115
200 1116
200 1117
200 1118
200 1119
200 1120
200 1121
200 1122
200 1123
200 1124
200 1125
200 1126
200 1127
200 1128
200 1129
200 1130
200 1131
200 1132
200 1133
200 1134
200 1135
200 1136
200 1137
200 1138
200 1139
200 1140
200 1141
200 1142
200 1143
200 1144
200 1145
200 1146
200 1147
200 1148
200 1149
200 1150
200 1151
200 1152
200 1153
200 1154
200 1155
200 1156
200 1157
200 1158
200 1159
200 1160
200 1161
200 1162
200 1163
200 1164
200 1165
200 1166
200 1167
201 1168
201 1169
202 1170
203 1171
204 1172
205 1173
205 1174
205 1175
205 1176
205 1177
205 1178
205 1179
205 1180
205 1181
205 1182
205 1183
205 1184
205 1185
205 1186
205 1187
205 1188
205 1189
205 1190
205 1191
205 1192
205 1193
205 1194
205 1195
205 1196
205 1197
205 1198
205 1199
205 1200
205 1201
205 1202
205 1203
205 1204
205 1205
206 1206
206 1207
207 1208
209 1209
209 1210
209 1211
209 1212
209 1213
211 1214
211 1215
211 1216
211 1217
211 1218
211 1219
211 1220
211 1221
213 1222
218 1223
219 1224
221 1225
222 1226
223 1227
224 1228
224 1229
224 1230
224 1231
224 1232
224 1233
224 1234
224 1235
224 1236
224 1237
224 1238
224 1239
224 1240
224 1241
224 1242
224 1243
224 1244
224 1245
224 1246
224 1247
224 1248
224 1249
224 1250
224 1251
224 1252
224 1253
224 1254
224 1255
224 1256
224 1257
224 1258
224 1259
224 1260
224 1261
224 1262
224 1263
224 1264
224 1265
224 1266
224 1267
224 1268
224 1269
224 1270
224 1271
224 1272
224 1273
225 1274
226 1275
229 1276
230 1277
232 1278
232 1279
232 1280
232 1281
232 1282
232 1283
232 1284
232 1285
232 1286
232 1287
232 1288
232 1289
232 1290
232 1291
232 1292
232 1293
232 1294
232 1295
232 1296
232 1297
232 1298
232 1299
232 1300
232 1301
232 1302
232 1303
232 1304
232 1305
232 1306
232 1307
232 1308
232 1309
232 1310
232 1311
232 1312
232 1313
232 1314
232 1315
232 1316
232 1317
232 1318
232 1319
232 1320
232 1321
232 1322
232 1323
232 1324
232 1325
232 1326
232 1327
232 1328
232 1329
232 1330
232 1331
232 1332
232 1333
232 1334
232 1335
232 1336
232 1337
232 1338
232 1339
232 1340
232 1341
232 1342
232 1343
232 1344
232 1345
232 1346
232 1347
232 1348
232 1349
232 1350
232 1351
232 1352
232 1353
232 1354
232 1355
232 1356
232 1357
232 1358
232 1359
232 1360
232 1361
232 1362
232 1363
232 1364
232 1365
232 1366
232 1367
232 1368
232 1369
232 1370
232 1371
232 1372
232 1373
232 1374
232 1375
232 1376
232 1377
232 1378
232 1379
232 1380
232 1381
232 1382
234 1383
234 1384
234 1385
234 1386
234 1387
234 1388
234 1389
234 1390
234 1391
234 1392
234 1393
234 1394
234 1395
235 1396
235 1397
235 1398
235 1399
235 1400
235 1401
235 1402
235 1403
235 1404
235 1405
235 1406
235 1407
235 1408
235 1409
235 1410
235 1411
235 1412
235 1413
235 1414
235 1415
235 1416
235 1417
235 1418
235 1419
235 1420
235 1421
235 1422
235 1423
235 1424
235 1425
235 1426
235 1427
235 1428
235 1429
235 1430
235 1431
235 1432
235 1433
235 1434
235 1435
235 1436
235 1437
235 1438
235 1439
235 1440
235 1441
235 1442
235 1443
235 1444
235 1445
235 1446
235 1447
235 1448
235 1449
236 1450
236 1451
236 1452
236 1453
236 1454
236 1455
236 1456
236 1457
236 1458
236 1459
236 1460
236 1461
236 1462
236 1463
236 1464
236 1465
236 1466
236 1467
236 1468
236 1469
236 1470
236 1471
238 1472
238 1473
238 1474
238 1475
238 1476
238 1477
238 1478
238 1479
238 1480
238 1481
238 1482
238 1483
238 1484
238 1485
238 1486
238 1487
238 1488
238 1489
238 1490
238 1491
238 1492
238 1493
238 1494
238 1495
238 1496
238 1497
238 1498
238 1499
238 1500
238 1501
238 1502
238 1503
238 1504
238 1505
238 1506
238 1507
238 1508
238 1509
238 1510
238 1511
239 1512
239 1513
239 1514
239 1515
239 1516
239 1517
239 1518
239 1519
239 1520
239 1521
239 1522
239 1523
239 1524
239 1525
239 1526
239 1527
239 1528
239 1529
239 1530
239 1531
239 1532
239 1533
239 1534
239 1535
239 1536
239 1537
239 1538
239 1539
239 1540
239 1541
239 1542
239 1543
239 1544
239 1545
239 1546
239 1547
239 1548
239 1549
239 1550
239 1551
239 1552
239 1553
239 1554
240 1555
240 1556
240 1557
240 1558
240 1559
240 1560
240 1561
240 1562
240 1563
240 1564
240 1565
240 1566
240 1567
240 1568
240 1569
240 1570
240 1571
240 1572
240 1573
240 1574
240 1575
240 1576
240 1577
240 1578
240 1579
240 1580
240 1581
240 1582
240 1583
240 1584
240 1585
240 1586
240 1587
240 1588
240 1589
240 1590
240 1591
240 1592
240 1593
240 1594
240 1595
240 1596
240 1597
240 1598
240 1599
240 1600
240 1601
240 1602
240 1603
240 1604
240 1605
240 1606
240 1607
240 1608
240 1609
240 1610
240 1611
240 1612
240 1613
240 1614
240 1615
240 1616
240 1617
240 1618
240 1619
240 1620
240 1621
240 1622
240 1623
240 1624
240 1625
240 1626
240 1627
240 1628
240 1629
240 1630
240 1631
240 1632
240 1633
241 1634
241 1635
241 1636
241 1637
241 1638
241 1639
241 1640
241 1641
241 1642
241 1643
241 1644
242 1645
242 1646
242 1647
242 1648
242 1649
242 1650
242 1651
242 1652
242 1653
242 1654
242 1655
242 1656
242 1657
242 1658
242 1659
242 1660
242 1661
242 1662
242 1663
242 1664
242 1665
242 1666
242 1667
242 1668
242 1669
242 1670
242 1671
242 1672
242 1673
242 1674
244 1675
245 1676
246 1677
246 1678
246 1679
246 1680
246 1681
246 1682
246 1683
246 1684
246 1685
246 1686
246 1687
246 1688
246 1689
246 1690
246 1691
246 1692
246 1693
246 1694
246 1695
246 1696
246 1697
246 1698
246 1699
246 1700
246 1701
246 1702
246 1703
246 1704
246 1705
246 1706
246 1707
246 1708
247 1709
248 1710
250 1711
256 1712
256 1713
256 1714
257 1715
257 1716
259 1717
259 1718
259 1719
259 1720
259 1721
259 1722
259 1723
259 1724
259 1725
259 1726
259 1727
259 1728
260 1729
261 1730
261 1731
261 1732
261 1733
261 1734
261 1735
261 1736
261 1737
261 1738
261 1739
261 1740
261 1741
261 1742
261 1743
261 1744
261 1745
261 1746
261 1747
261 1748
261 1749
261 1750
261 1751
261 1752
261 1753
261 1754
261 1755
261 1756
261 1757
261 1758
261 1759
261 1760
261 1761
261 1762
261 1763
261 1764
261 1765
261 1766
261 1767
261 1768
261 1769
261 1770
261 1771
261 1772
261 1773
262 1774
263 1775
264 1776
264 1777
264 1778
264 1779
264 1780
264 1781
264 1782
264 1783
264 1784
264 1785
264 1786
264 1787
264 1788
264 1789
264 1790
264 1791
264 1792
264 1793
264 1794
264 1795
264 1796
264 1797
264 1798
264 1799
264 1800
264 1801
264 1802
264 1803
264 1804
264 1805
264 1806
264 1807
264 1808
264 1809
264 1810
264 1811
264 1812
264 1813
264 1814
264 1815
264 1816
264 1817
264 1818
264 1819
264 1820
264 1821
264 1822
264 1823
264 1824
265 1825
268 1826
268 1827
268 1828
268 1829
268 1830
268 1831
268 1832
268 1833
268 1834
268 1835
268 1836
268 1837
268 1838
268 1839
268 1840
268 1841
268 1842
268 1843
268 1844
268 1845
268 1846
268 1847
268 1848
268 1849
268 1850
268 1851
268 1852
268 1853
268 1854
268 1855
268 1856
268 1857
268 1858
268 1859
268 1860
268 1861
268 1862
268 1863
268 1864
268 1865
268 1866
268 1867
268 1868
268 1869
268 1870
268 1871
268 1872
268 1873
268 1874
268 1875
268 1876
268 1877
268 1878
268 1879
268 1880
268 1881
268 1882
268 1883
268 1884
268 1885
268 1886
268 1887
268 1888
268 1889
269 1890
269 1891
270 1892
270 1893
270 1894
270 1895
270 1896
270 1897
270 1898
270 1899
270 1900
270 1901
270 1902
270 1903
270 1904
270 1905
270 1906
270 1907
270 1908
270 1909
270 1910
270 1911
271 1912
277 1913
278 1914
280 1915
283 1916
283 1917
283 1918
283 1919
283 1920
283 1921
283 1922
283 1923
283 1924
283 1925
283 1926
283 1927
283 1928
283 1929
283 1930
283 1931
283 1932
283 1933
283 1934
283 1935
283 1936
283 1937
293 1938
295 1939
295 1940
295 1941
295 1942
295 1943
295 1944
295 1945
295 1946
295 1947
295 1948
295 1949
295 1950
295 1951
295 1952
295 1953
295 1954
295 1955
295 1956
295 1957
295 1958
295 1959
295 1960
295 1961
295 1962
295 1963
295 1964
295 1965
295 1966
295 1967
295 1968
295 1969
295 1970
295 1971
295 1972
295 1973
295 1974
295 1975
295 1976
295 1977
295 1978
295 1979
295 1980
295 1981
295 1982
302 1983
304 1984
304 1985
304 1986
304 1987
304 1988
304 1989
304 1990
304 1991
304 1992
304 1993
304 1994
304 1995
304 1996
304 1997
304 1998
304 1999
304 2000
305 2001
310 2002
333 2003
333 2004
339 2005
340 2006
341 2007
342 2008
342 2009
342 2010
343 2011
343 2012
343 2013
343 2014
343 2015
343 2016
343 2017
343 2018
345 2019
345 2020
346 2021
347 2022
347 2023
347 2024
350 2025
351 2026
351 2027
351 2028
351 2029
353 2030
353 2031
353 2032
353 2033
353 2034
353 2035
353 2036
353 2037
353 2038
353 2039
353 2040
353 2041
353 2042
353 2043
353 2044
353 2045
353 2046
355 2047
355 2048
355 2049
355 2050
355 2051
355 2052
355 2053
355 2054
357 2055
359 2056
359 2057
360 2058
361 2059
362 2060
362 2061
364 2062
366 2063
366 2064
366 2065
366 2066
366 2067
366 2068
366 2069
366 2070
366 2071
366 2072
366 2073
366 2074
366 2075
366 2076
366 2077
366 2078
366 2079
366 2080
366 2081
366 2082
366 2083
366 2084
366 2085
366 2086
366 2087
366 2088
366 2089
366 2090
366 2091
366 2092
366 2093
366 2094
366 2095
366 2096
366 2097
366 2098
366 2099
366 2100
366 2101
366 2102
366 2103
366 2104
366 2105
366 2106
366 2107
366 2108
366 2109
366 2110
366 2111
366 2112
366 2113
366 2114
366 2115
366 2116
366 2117
366 2118
366 2119
366 2120
366 2121
366 2122
366 2123
366 2124
366 2125
366 2126
366 2127
366 2128
366 2129
366 2130
366 2131
366 2132
366 2133
366 2134
366 2135
366 2136
366 2137
366 2138
366 2139
366 2140
366 2141
366 2142
368 2143
368 2144
368 2145
368 2146
368 2147
368 2148
368 2149
368 2150
368 2151
368 2152
368 2153
368 2154
368 2155
368 2156
368 2157
368 2158
368 2159
368 2160
368 2161
368 2162
368 2163
368 2164
368 2165
368 2166
368 2167
368 2168
368 2169
368 2170
368 2171
368 2172
368 2173
368 2174
368 2175
368 2176
368 2177
368 2178
368 2179
368 2180
368 2181
368 2182
368 2183
368 2184
368 2185
368 2186
368 2187
368 2188
368 2189
368 2190
368 2191
368 2192
368 2193
368 2194
368 2195
368 2196
368 2197
368 2198
368 2199
368 2200
368 2201
368 2202
368 2203
368 2204
368 2205
368 2206
368 2207
368 2208
368 2209
368 2210
368 2211
368 2212
368 2213
368 2214
369 2215
369 2216
369 2217
369 2218
369 2219
370 2220
371 2221
371 2222
371 2223
373 2224
373 2225
373 2226
373 2227
373 2228
376 2229
376 2230
376 2231
376 2232
376 2233
377 2234
377 2235
377 2236
377 2237
378 2238
378 2239
378 2240
380 2241
380 2242
380 2243
380 2244
380 2245
380 2246
380 2247
380 2248
380 2249
380 2250
380 2251
380 2252
380 2253
380 2254
380 2255
380 2256
380 2257
380 2258
380 2259
380 2260
380 2261
380 2262
380 2263
380 2264
380 2265
380 2266
380 2267
380 2268
380 2269
380 2270
380 2271
380 2272
380 2273
380 2274
380 2275
380 2276
380 2277
380 2278
380 2279
380 2280
380 2281
380 2282
380 2283
380 2284
380 2285
380 2286
380 2287
380 2288
380 2289
380 2290
380 2291
380 2292
380 2293
380 2294
380 2295
380 2296
380 2297
380 2298
380 2299
380 2300
380 2301
380 2302
380 2303
380 2304
380 2305
380 2306
380 2307
380 2308
380 2309
380 2310
380 2311
380 2312
380 2313
380 2314
380 2315
380 2316
380 2317
380 2318
380 2319
380 2320
380 2321
380 2322
380 2323
380 2324
380 2325
380 2326
380 2327
380 2328
380 2329
380 2330
380 2331
380 2332
380 2333
380 2334
380 2335
380 2336
380 2337
380 2338
380 2339
380 2340
381 2341
381 2342
381 2343
381 2344
381 2345
381 2346
381 2347
381 2348
381 2349
381 2350
381 2351
381 2352
381 2353
381 2354
381 2355
381 2356
381 2357
381 2358
381 2359
381 2360
381 2361
381 2362
381 2363
381 2364
381 2365
381 2366
381 2367
381 2368
381 2369
381 2370
381 2371
381 2372
381 2373
381 2374
381 2375
381 2376
381 2377
381 2378
381 2379
381 2380
381 2381
381 2382
381 2383
381 2384
381 2385
381 2386
381 2387
381 2388
381 2389
381 2390
381 2391
381 2392
381 2393
381 2394
381 2395
381 2396
381 2397
381 2398
381 2399
381 2400
381 2401
381 2402
381 2403
381 2404
381 2405
381 2406
381 2407
381 2408
381 2409
381 2410
381 2411
381 2412
381 2413
381 2414
381 2415
381 2416
381 2417
381 2418
381 2419
381 2420
381 2421
381 2422
381 2423
381 2424
381 2425
381 2426
381 2427
381 2428
381 2429
381 2430
381 2431
381 2432
382 2433
384 2434
384 2435
384 2436
387 2437
387 2438
391 2439
391 2440
391 2441
391 2442
391 2443
391 2444
391 2445
391 2446
394 2447
396 2448
396 2449
406 2450
406 2451
407 2452
407 2453
407 2454
407 2455
407 2456
410 2457
413 2458
413 2459
413 2460
413 2461
413 2462
415 2463
415 2464
415 2465
415 2466
415 2467
415 2468
415 2469
415 2470
415 2471
415 2472
415 2473
415 2474
415 2475
415 2476
415 2477
415 2478
415 2479
415 2480
415 2481
415 2482
415 2483
415 2484
415 2485
415 2486
415 2487
415 2488
415 2489
415 2490
415 2491
415 2492
415 2493
415 2494
415 2495
415 2496
415 2497
415 2498
415 2499
415 2500
415 2501
415 2502
415 2503
416 2504
416 2505
416 2506
416 2507
416 2508
416 2509
416 2510
416 2511
416 2512
416 2513
416 2514
416 2515
417 2516
417 2517
417 2518
417 2519
418 2520
418 2521
418 2522
418 2523
418 2524
418 2525
418 2526
418 2527
418 2528
418 2529
418 2530
418 2531
418 2532
418 2533
418 2534
418 2535
418 2536
418 2537
418 2538
418 2539
418 2540
418 2541
418 2542
418 2543
418 2544
418 2545
418 2546
418 2547
418 2548
418 2549
418 2550
418 2551
418 2552
418 2553
418 2554
418 2555
418 2556
418 2557
418 2558
418 2559
418 2560
418 2561
418 2562
418 2563
418 2564
418 2565
418 2566
418 2567
418 2568
418 2569
418 2570
418 2571
418 2572
418 2573
418 2574
418 2575
418 2576
418 2577
418 2578
418 2579
418 2580
418 2581
418 2582
418 2583
418 2584
418 2585
418 2586
418 2587
418 2588
418 2589
418 2590
418 2591
418 2592
418 2593
418 2594
418 2595
418 2596
418 2597
418 2598
418 2599
418 2600
418 2601
418 2602
418 2603
419 2604
419 2605
420 2606
420 2607
420 2608
420 2609
420 2610
420 2611
420 2612
420 2613
420 2614
420 2615
420 2616
420 2617
420 2618
420 2619
420 2620
420 2621
420 2622
420 2623
420 2624
420 2625
420 2626
420 2627
420 2628
420 2629
420 2630
420 2631
420 2632
420 2633
420 2634
420 2635
420 2636
420 2637
420 2638
420 2639
420 2640
420 2641
420 2642
420 2643
420 2644
420 2645
420 2646
420 2647
420 2648
420 2649
420 2650
420 2651
420 2652
420 2653
420 2654
420 2655
420 2656
420 2657
420 2658
420 2659
420 2660
420 2661
420 2662
420 2663
420 2664
420 2665
420 2666
420 2667
420 2668
420 2669
420 2670
420 2671
420 2672
420 2673
420 2674
420 2675
420 2676
420 2677
420 2678
420 2679
420 2680
420 2681
420 2682
420 2683
420 2684
420 2685
420 2686
420 2687
420 2688
420 2689
420 2690
420 2691
420 2692
420 2693
420 2694
420 2695
420 2696
430 2697
432 2698
432 2699
432 2700
432 2701
438 2702
438 2703
438 2704
438 2705
438 2706
438 2707
439 2708
440 2709
440 2710
440 2711
440 2712
440 2713
440 2714
440 2715
440 2716
440 2717
440 2718
440 2719
440 2720
440 2721
440 2722
440 2723
440 2724
440 2725
440 2726
440 2727
440 2728
440 2729
443 2730
443 2731
443 2732
443 2733
443 2734
443 2735
443 2736
443 2737
443 2738
443 2739
447 2740
451 2741
451 2742
451 2743
451 2744
451 2745
451 2746
451 2747
451 2748
451 2749
451 2750
451 2751
451 2752
451 2753
451 2754
451 2755
451 2756
451 2757
451 2758
451 2759
451 2760
452 2761
452 2762
453 2763
455 2764
455 2765
455 2766
455 2767
456 2768
456 2769
458 2770
460 2771
460 2772
460 2773
460 2774
460 2775
460 2776
460 2777
460 2778
460 2779
460 2780
460 2781
460 2782
460 2783
460 2784
460 2785
460 2786
460 2787
460 2788
460 2789
460 2790
460 2791
460 2792
460 2793
460 2794
460 2795
460 2796
460 2797
460 2798
460 2799
460 2800
460 2801
460 2802
460 2803
460 2804
460 2805
460 2806
460 2807
460 2808
460 2809
460 2810
460 2811
460 2812
460 2813
460 2814
460 2815
460 2816
460 2817
460 2818
460 2819
460 2820
460 2821
460 2822
460 2823
460 2824
460 2825
461 2826
461 2827
461 2828
461 2829
461 2830
461 2831
461 2832
461 2833
461 2834
461 2835
461 2836
461 2837
461 2838
461 2839
461 2840
461 2841
461 2842
461 2843
461 2844
461 2845
461 2846
461 2847
461 2848
461 2849
461 2850
461 2851
461 2852
461 2853
461 2854
461 2855
461 2856
461 2857
461 2858
461 2859
461 2860
461 2861
461 2862
461 2863
461 2864
461 2865
461 2866
461 2867
461 2868
461 2869
461 2870
461 2871
461 2872
461 2873
461 2874
462 2875
471 2876
471 2877
471 2878
472 2879
472 2880
472 2881
472 2882
472 2883
473 2884
473 2885
473 2886
473 2887
474 2888
474 2889
474 2890
474 2891
474 2892
474 2893
474 2894
474 2895
474 2896
474 2897
474 2898
474 2899
474 2900
474 2901
474 2902
474 2903
474 2904
474 2905
474 2906
474 2907
474 2908
474 2909
474 2910
474 2911
474 2912
474 2913
474 2914
474 2915
474 2916
474 2917
474 2918
474 2919
474 2920
474 2921
474 2922
474 2923
474 2924
474 2925
474 2926
474 2927
474 2928
474 2929
474 2930
474 2931
474 2932
474 2933
474 2934
474 2935
474 2936
474 2937
474 2938
474 2939
474 2940
474 2941
474 2942
474 2943
474 2944
474 2945
474 2946
474 2947
474 2948
474 2949
474 2950
474 2951
474 2952
474 2953
474 2954
474 2955
474 2956
474 2957
474 2958
474 2959
474 2960
474 2961
474 2962
474 2963
474 2964
474 2965
474 2966
474 2967
474 2968
474 2969
474 2970
474 2971
474 2972
474 2973
474 2974
474 2975
474 2976
474 2977
474 2978
474 2979
474 2980
474 2981
474 2982
474 2983
474 2984
474 2985
474 2986
474 2987
474 2988
474 2989
479 2990
479 2991
479 2992
479 2993
480 2994
481 2995
481 2996
481 2997
481 2998
481 2999
481 3000
481 3001
481 3002
481 3003
481 3004
481 3005
481 3006
481 3007
481 3008
481 3009
481 3010
481 3011
481 3012
481 3013
481 3014
481 3015
481 3016
481 3017
481 3018
481 3019
481 3020
481 3021
489 3022
489 3023
489 3024
593 3025
595 3026
596 3027
596 3028
597 3029
597 3030
598 3031
600 3032
600 3033
600 3034
600 3035
601 3036
601 3037
601 3038
601 3039
601 3040
601 3041
601 3042
601 3043
601 3044
601 3045
601 3046
601 3047
601 3048
601 3049
601 3050
601 3051
601 3052
603 3053
603 3054
603 3055
603 3056
603 3057
603 3058
603 3059
603 3060
603 3061
603 3062
603 3063
604 3064
605 3065
606 3066
606 3067
606 3068
606 3069
606 3070
606 3071
606 3072
606 3073
606 3074
610 3075
610 3076
610 3077
610 3078
610 3079
610 3080
610 3081
610 3082
610 3083
610 3084
610 3085
610 3086
614 3087
615 3088
616 3089
645 3090
645 3091
645 3092
645 3093
645 3094
645 3095
645 3096
645 3097
645 3098
645 3099
645 3100
645 3101
645 3102
645 3103
646 3104
646 3105
646 3106
646 3107
646 3108
646 3109
646 3110
646 3111
646 3112
646 3113
647 3114
647 3115
647 3116
647 3117
647 3118
647 3119
647 3120
647 3121
647 3122
647 3123
647 3124
647 3125
648 3126
648 3127
648 3128
648 3129
648 3130
648 3131
648 3132
648 3133
648 3134
648 3135
648 3136
649 3137
649 3138
649 3139
650 3140
650 3141
661 3142
663 3143
664 3144
665 3145
671 3146
672 3147
673 3148
675 3149
675 3150
678 3151
678 3152
679 3153
679 3154
687 3155
687 3156
687 3157
687 3158
687 3159
688 3160
688 3161
688 3162
688 3163
688 3164
688 3165
688 3166
688 3167
688 3168
688 3169
688 3170
688 3171
689 3172
689 3173
689 3174
689 3175
689 3176
689 3177
689 3178
689 3179
689 3180
689 3181
689 3182
689 3183
689 3184
690 3185
690 3186
690 3187
691 3188
691 3189
691 3190
691 3191
691 3192
693 3193
693 3194
693 3195
693 3196
693 3197
693 3198
694 3199
694 3200
695 3201
695 3202
695 3203
695 3204
695 3205
695 3206
695 3207
695 3208
695 3209
695 3210
695 3211
695 3212
695 3213
695 3214
695 3215
695 3216
695 3217
695 3218
695 3219
695 3220
695 3221
695 3222
695 3223
695 3224
695 3225
698 3226
701 3227
701 3228
702 3229
702 3230
702 3231
702 3232
702 3233
702 3234
702 3235
703 3236
706 3237
706 3238
706 3239
706 3240
707 3241
707 3242
708 3243
708 3244
708 3245
709 3246
710 3247
712 3248
713 3249
714 3250
714 3251
716 3252
719 3253
724 3254
724 3255
724 3256
724 3257
724 3258
724 3259
724 3260
724 3261
724 3262
724 3263
724 3264
724 3265
724 3266
724 3267
724 3268
724 3269
724 3270
724 3271
724 3272
724 3273
725 3274
726 3275
728 3276
728 3277
728 3278
729 3279
729 3280
729 3281
729 3282
729 3283
729 3284
730 3285
731 3286
731 3287
731 3288
738 3289
739 3290
739 3291
744 3292
744 3293
744 3294
744 3295
745 3296
745 3297
745 3298
745 3299
745 3300
745 3301
745 3302
745 3303
745 3304
745 3305
745 3306
745 3307
745 3308
745 3309
745 3310
745 3311
745 3312
745 3313
745 3314
745 3315
745 3316
746 3317
746 3318
748 3319
750 3320
750 3321
750 3322
750 3323
750 3324
750 3325
750 3326
751 3327
751 3328
751 3329
751 3330
751 3331
752 3332
752 3333
752 3334
752 3335
752 3336
752 3337
752 3338
752 3339
752 3340
752 3341
752 3342
752 3343
752 3344
752 3345
752 3346
752 3347
752 3348
752 3349
752 3350
752 3351
752 3352
752 3353
752 3354
752 3355
752 3356
752 3357
752 3358
752 3359
752 3360
753 3361
753 3362
753 3363
753 3364
753 3365
753 3366
753 3367
755 3368
755 3369
755 3370
755 3371
755 3372
755 3373
756 3374
756 3375
757 3376
757 3377
757 3378
757 3379
757 3380
757 3381
757 3382
757 3383
757 3384
757 3385
757 3386
757 3387
757 3388
757 3389
757 3390
757 3391
757 3392
757 3393
757 3394
757 3395
757 3396
757 3397
757 3398
757 3399
757 3400
757 3401
757 3402
757 3403
757 3404
758 3405
758 3406
758 3407
758 3408
758 3409
758 3410
758 3411
758 3412
758 3413
758 3414
758 3415
758 3416
758 3417
758 3418
758 3419
758 3420
758 3421
758 3422
758 3423
758 3424
758 3425
758 3426
758 3427
758 3428
758 3429
758 3430
758 3431
758 3432
758 3433
758 3434
758 3435
758 3436
758 3437
758 3438
759 3439
759 3440
760 3441
760 3442
760 3443
760 3444
760 3445
760 3446
760 3447
760 3448
760 3449
760 3450
761 3451
761 3452
761 3453
762 3454
762 3455
762 3456
763 3457
763 3458
763 3459
763 3460
766 3461
767 3462
767 3463
767 3464
767 3465
767 3466
767 3467
767 3468
767 3469
767 3470
767 3471
767 3472
767 3473
767 3474
767 3475
767 3476
767 3477
767 3478
767 3479
767 3480
767 3481
767 3482
767 3483
767 3484
767 3485
767 3486
767 3487
770 3488
771 3489
771 3490
771 3491
771 3492
771 3493
772 3494
772 3495
772 3496
772 3497
774 3498
774 3499
774 3500
774 3501
774 3502
775 3503
775 3504
775 3505
775 3506
775 3507
775 3508
775 3509
775 3510
776 3511
776 3512
778 3513
779 3514
779 3515
780 3516
780 3517
780 3518
780 3519
780 3520
780 3521
780 3522
780 3523
783 3524
783 3525
783 3526
784 3527
784 3528
784 3529
788 3530
788 3531
788 3532
788 3533
788 3534
793 3535
795 3536
798 3537
798 3538
800 3539
800 3540
800 3541
802 3542
803 3543
803 3544
803 3545
803 3546
803 3547
803 3548
803 3549
803 3550
810 3551
813 3552
813 3553
813 3554
813 3555
814 3556
815 3557
815 3558
815 3559
817 3560
817 3561
817 3562
817 3563
817 3564
820 3565
822 3566
822 3567
825 3568
825 3569
825 3570
825 3571
825 3572
826 3573
826 3574
828 3575
828 3576
828 3577
829 3578
831 3579
835 3580
837 3581
839 3582
839 3583
839 3584
839 3585
839 3586
839 3587
839 3588
839 3589
839 3590
839 3591
840 3592
840 3593
840 3594
840 3595
840 3596
840 3597
840 3598
840 3599
840 3600
840 3601
840 3602
840 3603
840 3604
840 3605
840 3606
840 3607
840 3608
840 3609
840 3610
840 3611
840 3612
841 3613
841 3614
841 3615
841 3616
841 3617
841 3618
841 3619
841 3620
841 3621
841 3622
841 3623
841 3624
841 3625
841 3626
841 3627
841 3628
841 3629
842 3630
842 3631
842 3632
842 3633
842 3634
842 3635
842 3636
842 3637
842 3638
842 3639
842 3640
842 3641
842 3642
843 3643
843 3644
844 3645
844 3646
844 3647
844 3648
844 3649
844 3650
844 3651
846 3652
846 3653
846 3654
846 3655
846 3656
846 3657
846 3658
846 3659
846 3660
846 3661
846 3662
846 3663
846 3664
846 3665
846 3666
846 3667
846 3668
846 3669
846 3670
846 3671
846 3672
846 3673
847 3674
847 3675
847 3676
847 3677
847 3678
847 3679
849 3680
850 3681
850 3682
850 3683
850 3684
851 3685
851 3686
851 3687
851 3688
851 3689
851 3690
851 3691
851 3692
851 3693
851 3694
851 3695
851 3696
851 3697
851 3698
851 3699
851 3700
851 3701
851 3702
851 3703
851 3704
851 3705
851 3706
851 3707
851 3708
851 3709
851 3710
851 3711
851 3712
851 3713
852 3714
852 3715
853 3716
853 3717
854 3718
854 3719
854 3720
854 3721
854 3722
854 3723
854 3724
854 3725
854 3726
854 3727
854 3728
854 3729
854 3730
854 3731
854 3732
854 3733
854 3734
854 3735
854 3736
854 3737
854 3738
854 3739
854 3740
854 3741
854 3742
854 3743
854 3744
854 3745
854 3746
854 3747
854 3748
854 3749
854 3750
854 3751
854 3752
854 3753
854 3754
854 3755
854 3756
854 3757
854 3758
854 3759
854 3760
854 3761
857 3762
857 3763
860 3764
861 3765
861 3766
861 3767
861 3768
861 3769
861 3770
861 3771
861 3772
861 3773
861 3774
861 3775
861 3776
861 3777
861 3778
861 3779
861 3780
861 3781
864 3782
865 3783
865 3784
865 3785
865 3786
865 3787
865 3788
865 3789
865 3790
866 3791
866 3792
866 3793
866 3794
866 3795
867 3796
868 3797
868 3798
868 3799
868 3800
868 3801
868 3802
868 3803
868 3804
868 3805
868 3806
868 3807
868 3808
868 3809
868 3810
868 3811
868 3812
868 3813
868 3814
868 3815
868 3816
868 3817
868 3818
869 3819
870 3820
870 3821
871 3822
871 3823
876 3824
876 3825
876 3826
877 3827
877 3828
877 3829
877 3830
877 3831
877 3832
877 3833
877 3834
877 3835
877 3836
877 3837
877 3838
884 3839
884 3840
885 3841
885 3842
885 3843
885 3844
886 3845
887 3846
888 3847
888 3848
888 3849
895 3850
897 3851
897 3852
897 3853
898 3854
898 3855
898 3856
898 3857
898 3858
899 3859
904 3860
904 3861
904 3862
909 3863
909 3864
911 3865
911 3866
911 3867
911 3868
911 3869
911 3870
912 3871
912 3872
912 3873
912 3874
913 3875
913 3876
914 3877
914 3878
914 3879
914 3880
914 3881
914 3882
914 3883
914 3884
914 3885
914 3886
914 3887
914 3888
918 3889
918 3890
919 3891
919 3892
919 3893
919 3894
919 3895
919 3896
919 3897
920 3898
920 3899
921 3900
923 3901
923 3902
923 3903
924 3904
925 3905
925 3906
925 3907
925 3908
925 3909
925 3910
925 3911
925 3912
925 3913
925 3914
925 3915
925 3916
925 3917
925 3918
925 3919
925 3920
925 3921
925 3922
925 3923
926 3924
926 3925
926 3926
926 3927
926 3928
926 3929
926 3930
926 3931
926 3932
926 3933
926 3934
926 3935
926 3936
929 3937
929 3938
929 3939
929 3940
930 3941
930 3942
930 3943
931 3944
944 3945
944 3946
948 3947
948 3948
948 3949
948 3950
948 3951
951 3952
952 3953
952 3954
955 3955
956 3956
956 3957
956 3958
956 3959
956 3960
956 3961
956 3962
957 3963
957 3964
958 3965
965 3966
965 3967
967 3968
967 3969
967 3970
967 3971
967 3972
967 3973
968 3974
969 3975
969 3976
969 3977
969 3978
969 3979
969 3980
969 3981
969 3982
969 3983
969 3984
969 3985
969 3986
969 3987
969 3988
969 3989
969 3990
976 3991
977 3992
978 3993
978 3994
978 3995
983 3996
984 3997
984 3998
986 3999
987 4000
991 4001
993 4002
996 4003
996 4004
996 4005
996 4006
996 4007
996 4008
996 4009
996 4010
997 4011
997 4012
997 4013
999 4014
999 4015
999 4016
999 4017
999 4018
1000 4019
1000 4020
1001 4021
1002 4022
1002 4023
1003 4024
1005 4025
1005 4026
1005 4027
1032 4028
1033 4029
1036 4030
1036 4031
1037 4032
1037 4033
1039 4034
1039 4035
1044 4036
1044 4037
1044 4038
1044 4039
1044 4040
1044 4041
1046 4042
1046 4043
1046 4044
1046 4045
1046 4046
1047 4047
1047 4048
1047 4049
1047 4050
1047 4051
1047 4052
1047 4053
1047 4054
1050 4055
1050 4056
1050 4057
1050 4058
1052 4059
1053 4060
1056 4061
1059 4062
1059 4063
1059 4064
1059 4065
1060 4066
1060 4067
1060 4068
1061 4069
1061 4070
1061 4071
1061 4072
1061 4073
1061 4074
1061 4075
1061 4076
1061 4077
1061 4078
1061 4079
1061 4080
1061 4081
1061 4082
1061 4083
1061 4084
1061 4085
1061 4086
1061 4087
1061 4088
1061 4089
1061 4090
1061 4091
1061 4092
1061 4093
1061 4094
1061 4095
1061 4096
1061 4097
1061 4098
1061 4099
1061 4100
1061 4101
1061 4102
1061 4103
1061 4104
1061 4105
1061 4106
1061 4107
1061 4108
1061 4109
1061 4110
1061 4111
1061 4112
1061 4113
1061 4114
1061 4115
1061 4116
1061 4117
1061 4118
1061 4119
1061 4120
1061 4121
1061 4122
1061 4123
1061 4124
1061 4125
1061 4126
1062 4127
1062 4128
1062 4129
1062 4130
1062 4131
1062 4132
1062 4133
1062 4134
1062 4135
1062 4136
1062 4137
1062 4138
1062 4139
1062 4140
1062 4141
1062 4142
1062 4143
1062 4144
1062 4145
1062 4146
1062 4147
1062 4148
1062 4149
1062 4150
1062 4151
1062 4152
1062 4153
1062 4154
1062 4155
1062 4156
1062 4157
1062 4158
1062 4159
1062 4160
1062 4161
1062 4162
1062 4163
1062 4164
1062 4165
1062 4166
1062 4167
1062 4168
1062 4169
1062 4170
1062 4171
1062 4172
1062 4173
1062 4174
1062 4175
1062 4176
1062 4177
1062 4178
1062 4179
1062 4180
1062 4181
1062 4182
1063 4183
1063 4184
1063 4185
1063 4186
1063 4187
1063 4188
1063 4189
1063 4190
1063 4191
1063 4192
1063 4193
1063 4194
1063 4195
1063 4196
1063 4197
1063 4198
1063 4199
1063 4200
1063 4201
1063 4202
1063 4203
1063 4204
1063 4205
1064 4206
1064 4207
1064 4208
1064 4209
1064 4210
1064 4211
1064 4212
1064 4213
1064 4214
1064 4215
1064 4216
1064 4217
1064 4218
1064 4219
1064 4220
1064 4221
1064 4222
1064 4223
1064 4224
1064 4225
1064 4226
1065 4227
1071 4228
1071 4229
1071 4230
1071 4231
1071 4232
1071 4233
1071 4234
1071 4235
1072 4236
1073 4237
1078 4238
1078 4239
1078 4240
1078 4241
1078 4242
1078 4243
1078 4244
1078 4245
1078 4246
1078 4247
1078 4248
1078 4249
1078 4250
1078 4251
1078 4252
1078 4253
1078 4254
1078 4255
1078 4256
1078 4257
1079 4258
1079 4259
1079 4260
1079 4261
1080 4262
1081 4263
1081 4264
1081 4265
1081 4266
1081 4267
1081 4268
1081 4269
1081 4270
1081 4271
1081 4272
1081 4273
1081 4274
1081 4275
1081 4276
1081 4277
1081 4278
1081 4279
1081 4280
1081 4281
1081 4282
1081 4283
1081 4284
1082 4285
1082 4286
1082 4287
1082 4288
1082 4289
1082 4290
1082 4291
1082 4292
1082 4293
1082 4294
1082 4295
1082 4296
1082 4297
1082 4298
1082 4299
1082 4300
1082 4301
1082 4302
1083 4303
1083 4304
1083 4305
1083 4306
1083 4307
1083 4308
1083 4309
1083 4310
1083 4311
1083 4312
1083 4313
1083 4314
1083 4315
1083 4316
1083 4317
1083 4318
1083 4319
1083 4320
1083 4321
1083 4322
1083 4323
1083 4324
1083 4325
1083 4326
1083 4327
1085 4328
1085 4329
1091 4330
1093 4331
1093 4332
1096 4333
1099 4334
1109 4335
1110 4336
1110 4337
1115 4338
1115 4339
1115 4340
1115 4341
1119 4342
1127 4343
1127 4344
1127 4345
1130 4346
1130 4347
1130 4348
1130 4349
1130 4350
1133 4351
1133 4352
1137 4353
1138 4354
1153 4355
1168 4356
1168 4357
1168 4358
1168 4359
1168 4360
1168 4361
1168 4362
1168 4363
1168 4364
1168 4365
1168 4366
1168 4367
1168 4368
1168 4369
1168 4370
1168 4371
1168 4372
1168 4373
1168 4374
1169 4375
1169 4376
1169 4377
1169 4378
1169 4379
1169 4380
1169 4381
1169 4382
1169 4383
1169 4384
1169 4385
1169 4386
1171 4387
1171 4388
1172 4389
1173 4390
1173 4391
1178 4392
1178 4393
1206 4394
1206 4395
1210 4396
1210 4397
1210 4398
1210 4399
1210 4400
1210 4401
1210 4402
1210 4403
1210 4404
1210 4405
1210 4406
1210 4407
1210 4408
1210 4409
1210 4410
1210 4411
1210 4412
1210 4413
1216 4414
1218 4415
1219 4416
1221 4417
1221 4418
1221 4419
1221 4420
1222 4421
1223 4422
1223 4423
1223 4424
1240 4425
1240 4426
1240 4427
1240 4428
1240 4429
1240 4430
1248 4431
1248 4432
1257 4433
1274 4434
1274 4435
1275 4436
1275 4437
1275 4438
1276 4439
1277 4440
1277 4441
1334 4442
1458 4443
1477 4444
1676 4445
1708 4446
1717 4447
1729 4448
1733 4449
1735 4450
1827 4451
1841 4452
1841 4453
1841 4454
1890 4455
1919 4456
1920 4457
1921 4458
1937 4459
2008 4460
2009 4461
2010 4462
2021 4463
2023 4464
2025 4465
2026 4466
2026 4467
2048 4468
2048 4469
2050 4470
2215 4471
2215 4472
2215 4473
2215 4474
2215 4475
2215 4476
2215 4477
2215 4478
2215 4479
2215 4480
2215 4481
2215 4482
2215 4483
2215 4484
2215 4485
2215 4486
2215 4487
2215 4488
2215 4489
2215 4490
2215 4491
2215 4492
2215 4493
2215 4494
2215 4495
2215 4496
2215 4497
2215 4498
2215 4499
2215 4500
2215 4501
2215 4502
2215 4503
2215 4504
2215 4505
2216 4506
2216 4507
2216 4508
2216 4509
2216 4510
2216 4511
2216 4512
2216 4513
2216 4514
2216 4515
2216 4516
2216 4517
2216 4518
2216 4519
2216 4520
2217 4521
2217 4522
2217 4523
2217 4524
2217 4525
2217 4526
2217 4527
2217 4528
2217 4529
2217 4530
2217 4531
2217 4532
2217 4533
2217 4534
2217 4535
2217 4536
2217 4537
2217 4538
2217 4539
2217 4540
2217 4541
2217 4542
2218 4543
2218 4544
2218 4545
2218 4546
2218 4547
2218 4548
2218 4549
2218 4550
2218 4551
2218 4552
2218 4553
2218 4554
2218 4555
2218 4556
2218 4557
2218 4558
2218 4559
2218 4560
2218 4561
2218 4562
2218 4563
2218 4564
2218 4565
2218 4566
2218 4567
2218 4568
2218 4569
2218 4570
2218 4571
2218 4572
2218 4573
2218 4574
2218 4575
2218 4576
2218 4577
2218 4578
2218 4579
2218 4580
2218 4581
2218 4582
2218 4583
2218 4584
2218 4585
2218 4586
2218 4587
2218 4588
2218 4589
2218 4590
2218 4591
2218 4592
2221 4593
2226 4594
2229 4595
2229 4596
2229 4597
2229 4598
2229 4599
2229 4600
2229 4601
2229 4602
2229 4603
2229 4604
2229 4605
2230 4606
2230 4607
2230 4608
2230 4609
2230 4610
2230 4611
2230 4612
2230 4613
2230 4614
2230 4615
2230 4616
2230 4617
2230 4618
2230 4619
2230 4620
2230 4621
2230 4622
2230 4623
2230 4624
2230 4625
2230 4626
2230 4627
2230 4628
2230 4629
2230 4630
2230 4631
2230 4632
2230 4633
2230 4634
2230 4635
2230 4636
2230 4637
2230 4638
2230 4639
2230 4640
2230 4641
2230 4642
2230 4643
2230 4644
2230 4645
2230 4646
2230 4647
2230 4648
2230 4649
2230 4650
2230 4651
2230 4652
2230 4653
2230 4654
2230 4655
2230 4656
2230 4657
2230 4658
2230 4659
2230 4660
2230 4661
2231 4662
2231 4663
2231 4664
2231 4665
2231 4666
2231 4667
2231 4668
2231 4669
2231 4670
2231 4671
2231 4672
2231 4673
2231 4674
2231 4675
2231 4676
2231 4677
2231 4678
2231 4679
2231 4680
2231 4681
2231 4682
2231 4683
2231 4684
2231 4685
2231 4686
2231 4687
2231 4688
2231 4689
2231 4690
2231 4691
2231 4692
2231 4693
2231 4694
2231 4695
2231 4696
2231 4697
2231 4698
2231 4699
2231 4700
2231 4701
2231 4702
2232 4703
2232 4704
2232 4705
2232 4706
2232 4707
2232 4708
2232 4709
2232 4710
2232 4711
2232 4712
2233 4713
2233 4714
2233 4715
2233 4716
2233 4717
2233 4718
2233 4719
2233 4720
2233 4721
2233 4722
2233 4723
2233 4724
2233 4725
2233 4726
2233 4727
2233 4728
2233 4729
2233 4730
2233 4731
2233 4732
2233 4733
2233 4734
2233 4735
2233 4736
2233 4737
2233 4738
2233 4739
2233 4740
2233 4741
2233 4742
2233 4743
2233 4744
2233 4745
2233 4746
2233 4747
2233 4748
2233 4749
2233 4750
2233 4751
2233 4752
2233 4753
2233 4754
2233 4755
2233 4756
2233 4757
2233 4758
2233 4759
2234 4760
2234 4761
2234 4762
2234 4763
2234 4764
2234 4765
2234 4766
2234 4767
2234 4768
2234 4769
2234 4770
2234 4771
2234 4772
2234 4773
2234 4774
2234 4775
2234 4776
2234 4777
2234 4778
2234 4779
2234 4780
2234 4781
2235 4782
2235 4783
2235 4784
2235 4785
2235 4786
2235 4787
2235 4788
2235 4789
2235 4790
2235 4791
2235 4792
2235 4793
2235 4794
2235 4795
2235 4796
2235 4797
2235 4798
2235 4799
2235 4800
2235 4801
2235 4802
2235 4803
2235 4804
2235 4805
2235 4806
2235 4807
2235 4808
2235 4809
2235 4810
2235 4811
2235 4812
2235 4813
2235 4814
2236 4815
2236 4816
2236 4817
2236 4818
2236 4819
2236 4820
2236 4821
2236 4822
2236 4823
2238 4824
2238 4825
2238 4826
2238 4827
2238 4828
2238 4829
2238 4830
2238 4831
2238 4832
2238 4833
2238 4834
2238 4835
2238 4836
2238 4837
2238 4838
2238 4839
2238 4840
2238 4841
2238 4842
2238 4843
2238 4844
2238 4845
2238 4846
2238 4847
2238 4848
2239 4849
2239 4850
2239 4851
2239 4852
2239 4853
2239 4854
2239 4855
2239 4856
2239 4857
2239 4858
2239 4859
2239 4860
2239 4861
2239 4862
2239 4863
2239 4864
2239 4865
2239 4866
2239 4867
2239 4868
2239 4869
2239 4870
2239 4871
2239 4872
2239 4873
2239 4874
2239 4875
2239 4876
2239 4877
2239 4878
2239 4879
2239 4880
2239 4881
2239 4882
2239 4883
2239 4884
2239 4885
2239 4886
2239 4887
2239 4888
2239 4889
2239 4890
2239 4891
2239 4892
2239 4893
2239 4894
2239 4895
2239 4896
2239 4897
2239 4898
2239 4899
2239 4900
2239 4901
2239 4902
2239 4903
2239 4904
2239 4905
2239 4906
2239 4907
2240 4908
2240 4909
2240 4910
2240 4911
2240 4912
2240 4913
2240 4914
2240 4915
2240 4916
2240 4917
2240 4918
2240 4919
2240 4920
2240 4921
2240 4922
2240 4923
2434 4924
2435 4925
2440 4926
2440 4927
2440 4928
2440 4929
2441 4930
2442 4931
2443 4932
2443 4933
2443 4934
2443 4935
2444 4936
2444 4937
2444 4938
2444 4939
2444 4940
2444 4941
2445 4942
2448 4943
2448 4944
2448 4945
2448 4946
2449 4947
2450 4948
2450 4949
2450 4950
2450 4951
2450 4952
2450 4953
2450 4954
2450 4955
2450 4956
2450 4957
2450 4958
2450 4959
2450 4960
2450 4961
2450 4962
2450 4963
2450 4964
2450 4965
2450 4966
2450 4967
2450 4968
2450 4969
2450 4970
2450 4971
2450 4972
2450 4973
2450 4974
2450 4975
2451 4976
2451 4977
2451 4978
2451 4979
2451 4980
2451 4981
2451 4982
2451 4983
2451 4984
2451 4985
2451 4986
2451 4987
2451 4988
2451 4989
2451 4990
2451 4991
2451 4992
2451 4993
2452 4994
2452 4995
2452 4996
2452 4997
2452 4998
2452 4999
2452 5000
2452 5001
2452 5002
2452 5003
2452 5004
2453 5005
2453 5006
2453 5007
2453 5008
2453 5009
2453 5010
2453 5011
2453 5012
2453 5013
2453 5014
2453 5015
2453 5016
2453 5017
2453 5018
2453 5019
2453 5020
2453 5021
2453 5022
2453 5023
2453 5024
2453 5025
2453 5026
2453 5027
2453 5028
2453 5029
2453 5030
2453 5031
2453 5032
2453 5033
2453 5034
2453 5035
2453 5036
2453 5037
2453 5038
2453 5039
2453 5040
2453 5041
2453 5042
2453 5043
2453 5044
2454 5045
2454 5046
2454 5047
2454 5048
2454 5049
2454 5050
2454 5051
2454 5052
2454 5053
2454 5054
2454 5055
2455 5056
2455 5057
2455 5058
2455 5059
2455 5060
2455 5061
2455 5062
2455 5063
2455 5064
2455 5065
2455 5066
2455 5067
2455 5068
2455 5069
2455 5070
2455 5071
2455 5072
2455 5073
2455 5074
2455 5075
2455 5076
2455 5077
2455 5078
2455 5079
2455 5080
2455 5081
2455 5082
2455 5083
2455 5084
2455 5085
2455 5086
2455 5087
2455 5088
2455 5089
2455 5090
2455 5091
2455 5092
2455 5093
2455 5094
2455 5095
2455 5096
2455 5097
2455 5098
2455 5099
2455 5100
2455 5101
2455 5102
2455 5103
2457 5104
2457 5105
2458 5106
2458 5107
2458 5108
2458 5109
2458 5110
2458 5111
2458 5112
2458 5113
2458 5114
2458 5115
2458 5116
2458 5117
2458 5118
2458 5119
2458 5120
2458 5121
2458 5122
2458 5123
2458 5124
2458 5125
2458 5126
2458 5127
2458 5128
2458 5129
2458 5130
2458 5131
2458 5132
2458 5133
2458 5134
2458 5135
2458 5136
2458 5137
2458 5138
2458 5139
2458 5140
2458 5141
2459 5142
2459 5143
2459 5144
2459 5145
2459 5146
2459 5147
2459 5148
2459 5149
2459 5150
2459 5151
2459 5152
2459 5153
2459 5154
2459 5155
2459 5156
2459 5157
2459 5158
2459 5159
2459 5160
2459 5161
2459 5162
2459 5163
2460 5164
2460 5165
2460 5166
2460 5167
2460 5168
2460 5169
2460 5170
2460 5171
2460 5172
2460 5173
2460 5174
2460 5175
2460 5176
2460 5177
2460 5178
2460 5179
2460 5180
2460 5181
2460 5182
2460 5183
2460 5184
2460 5185
2460 5186
2460 5187
2460 5188
2460 5189
2460 5190
2460 5191
2460 5192
2460 5193
2460 5194
2460 5195
2460 5196
2460 5197
2461 5198
2461 5199
2461 5200
2461 5201
2461 5202
2461 5203
2461 5204
2461 5205
2461 5206
2462 5207
2462 5208
2462 5209
2462 5210
2462 5211
2462 5212
2462 5213
2462 5214
2462 5215
2462 5216
2462 5217
2462 5218
2462 5219
2462 5220
2462 5221
2462 5222
2462 5223
2462 5224
2462 5225
2462 5226
2462 5227
2462 5228
2462 5229
2462 5230
2462 5231
2462 5232
2462 5233
2489 5234
2489 5235
2489 5236
2504 5237
2504 5238
2504 5239
2504 5240
2504 5241
2504 5242
2504 5243
2504 5244
2504 5245
2504 5246
2505 5247
2505 5248
2505 5249
2505 5250
2505 5251
2505 5252
2505 5253
2505 5254
2505 5255
2505 5256
2505 5257
2505 5258
2505 5259
2505 5260
2505 5261
2505 5262
2505 5263
2505 5264
2505 5265
2505 5266
2505 5267
2505 5268
2505 5269
2512 5270
2512 5271
2512 5272
2512 5273
2512 5274
2512 5275
2512 5276
2512 5277
2512 5278
2512 5279
2512 5280
2512 5281
2512 5282
2512 5283
2512 5284
2513 5285
2513 5286
2513 5287
2513 5288
2513 5289
2513 5290
2513 5291
2513 5292
2513 5293
2513 5294
2513 5295
2513 5296
2513 5297
2513 5298
2513 5299
2513 5300
2513 5301
2514 5302
2514 5303
2514 5304
2514 5305
2514 5306
2514 5307
2514 5308
2514 5309
2514 5310
2514 5311
2514 5312
2514 5313
2514 5314
2514 5315
2514 5316
2514 5317
2514 5318
2514 5319
2514 5320
2514 5321
2514 5322
2516 5323
2516 5324
2516 5325
2516 5326
2516 5327
2516 5328
2516 5329
2516 5330
2516 5331
2516 5332
2516 5333
2516 5334
2516 5335
2516 5336
2516 5337
2516 5338
2516 5339
2516 5340
2516 5341
2516 5342
2516 5343
2516 5344
2516 5345
2516 5346
2516 5347
2516 5348
2516 5349
2516 5350
2517 5351
2517 5352
2517 5353
2517 5354
2517 5355
2517 5356
2517 5357
2517 5358
2517 5359
2517 5360
2517 5361
2517 5362
2517 5363
2517 5364
2517 5365
2517 5366
2517 5367
2517 5368
2517 5369
2517 5370
2517 5371
2517 5372
2517 5373
2517 5374
2517 5375
2517 5376
2517 5377
2517 5378
2517 5379
2517 5380
2517 5381
2517 5382
2517 5383
2517 5384
2517 5385
2517 5386
2517 5387
2517 5388
2517 5389
2517 5390
2518 5391
2518 5392
2518 5393
2518 5394
2518 5395
2518 5396
2518 5397
2518 5398
2518 5399
2518 5400
2518 5401
2518 5402
2518 5403
2518 5404
2518 5405
2518 5406
2518 5407
2518 5408
2519 5409
2519 5410
2519 5411
2519 5412
2519 5413
2519 5414
2519 5415
2519 5416
2519 5417
2519 5418
2519 5419
2519 5420
2519 5421
2519 5422
2519 5423
2519 5424
2519 5425
2519 5426
2519 5427
2519 5428
2519 5429
2519 5430
2700 5431
2700 5432
2700 5433
2700 5434
2701 5435
2701 5436
2701 5437
2730 5438
2730 5439
2730 5440
2730 5441
2731 5442
2737 5443
2742 5444
2747 5445
2750 5446
2750 5447
2750 5448
2750 5449
2750 5450
2750 5451
2751 5452
2753 5453
2753 5454
2753 5455
2754 5456
2755 5457
2755 5458
2755 5459
2755 5460
2755 5461
2757 5462
2760 5463
2760 5464
2761 5465
2764 5466
2764 5467
2764 5468
2764 5469
2764 5470
2764 5471
2764 5472
2764 5473
2768 5474
2768 5475
2768 5476
2769 5477
2769 5478
2770 5479
2770 5480
2770 5481
2770 5482
2770 5483
2770 5484
2770 5485
2770 5486
2770 5487
2770 5488
2770 5489
2770 5490
2770 5491
2770 5492
2770 5493
2770 5494
2770 5495
2826 5496
2826 5497
2826 5498
2826 5499
2875 5500
2876 5501
2884 5502
2884 5503
2884 5504
2884 5505
2884 5506
2884 5507
2884 5508
2884 5509
2884 5510
2884 5511
2884 5512
2884 5513
2884 5514
2884 5515
2884 5516
2884 5517
2884 5518
2884 5519
2884 5520
2884 5521
2884 5522
2884 5523
2884 5524
2884 5525
2885 5526
2885 5527
2885 5528
2885 5529
2885 5530
2885 5531
2885 5532
2885 5533
2885 5534
2885 5535
2885 5536
2885 5537
2885 5538
2885 5539
2885 5540
2885 5541
2885 5542
2885 5543
2885 5544
2885 5545
2885 5546
2885 5547
2886 5548
2886 5549
2886 5550
2886 5551
2886 5552
2886 5553
2886 5554
2886 5555
2886 5556
2886 5557
2886 5558
2886 5559
2886 5560
2886 5561
2886 5562
2886 5563
2886 5564
2886 5565
2887 5566
2887 5567
2887 5568
2887 5569
2887 5570
2887 5571
2887 5572
2887 5573
2887 5574
2887 5575
2887 5576
2887 5577
2887 5578
2887 5579
2887 5580
2887 5581
2887 5582
2887 5583
2887 5584
2887 5585
2887 5586
2887 5587
2888 5588
2888 5589
2888 5590
2888 5591
2888 5592
2888 5593
2990 5594
2990 5595
2990 5596
2990 5597
2990 5598
2990 5599
2990 5600
2990 5601
2990 5602
2990 5603
2990 5604
2990 5605
2990 5606
2990 5607
2990 5608
2990 5609
2990 5610
2990 5611
2990 5612
2990 5613
2990 5614
2990 5615
2990 5616
2990 5617
2990 5618
2990 5619
2990 5620
2990 5621
2991 5622
2991 5623
2991 5624
2991 5625
2991 5626
2991 5627
2991 5628
2991 5629
2991 5630
2991 5631
2991 5632
2991 5633
2991 5634
2991 5635
2991 5636
2991 5637
2991 5638
2991 5639
2991 5640
2991 5641
2991 5642
2991 5643
2991 5644
2991 5645
2991 5646
2991 5647
2991 5648
2991 5649
2991 5650
2991 5651
2991 5652
2991 5653
2991 5654
2991 5655
2991 5656
2991 5657
2991 5658
2991 5659
2991 5660
2991 5661
2992 5662
2992 5663
2992 5664
2992 5665
2992 5666
2992 5667
2992 5668
2992 5669
2992 5670
2992 5671
2992 5672
2992 5673
2992 5674
2992 5675
2992 5676
2992 5677
2992 5678
2992 5679
2992 5680
2992 5681
2992 5682
2992 5683
3023 5684
3023 5685
3025 5686
3025 5687
3025 5688
3025 5689
3025 5690
3025 5691
3025 5692
3025 5693
3032 5694
3032 5695
3032 5696
3032 5697
3032 5698
3035 5699
3035 5700
3035 5701
3038 5702
3038 5703
3038 5704
3040 5705
3045 5706
3067 5707
3071 5708
3073 5709
3073 5710
3073 5711
3073 5712
3073 5713
3073 5714
3073 5715
3073 5716
3074 5717
3075 5718
3075 5719
3075 5720
3075 5721
3075 5722
3075 5723
3075 5724
3075 5725
3076 5726
3076 5727
3077 5728
3077 5729
3077 5730
3077 5731
3077 5732
3077 5733
3077 5734
3077 5735
3077 5736
3077 5737
3077 5738
3077 5739
3077 5740
3077 5741
3077 5742
3077 5743
3078 5744
3078 5745
3078 5746
3078 5747
3078 5748
3078 5749
3078 5750
3078 5751
3078 5752
3079 5753
3079 5754
3079 5755
3079 5756
3079 5757
3079 5758
3079 5759
3079 5760
3079 5761
3079 5762
3079 5763
3080 5764
3080 5765
3081 5766
3081 5767
3081 5768
3081 5769
3081 5770
3081 5771
3081 5772
3081 5773
3081 5774
3081 5775
3081 5776
3082 5777
3082 5778
3082 5779
3082 5780
3082 5781
3082 5782
3082 5783
3082 5784
3082 5785
3082 5786
3082 5787
3082 5788
3082 5789
3082 5790
3082 5791
3083 5792
3083 5793
3083 5794
3083 5795
3083 5796
3083 5797
3083 5798
3083 5799
3083 5800
3083 5801
3083 5802
3083 5803
3083 5804
3083 5805
3083 5806
3083 5807
3083 5808
3083 5809
3083 5810
3083 5811
3084 5812
3084 5813
3084 5814
3084 5815
3084 5816
3084 5817
3084 5818
3084 5819
3084 5820
3084 5821
3084 5822
3084 5823
3084 5824
3084 5825
3084 5826
3085 5827
3085 5828
3085 5829
3085 5830
3086 5831
3086 5832
3086 5833
3086 5834
3086 5835
3086 5836
3086 5837
3086 5838
3086 5839
3086 5840
3087 5841
3087 5842
3087 5843
3087 5844
3087 5845
3087 5846
3087 5847
3087 5848
3087 5849
3087 5850
3087 5851
3087 5852
3087 5853
3087 5854
3087 5855
3087 5856
3087 5857
3087 5858
3087 5859
3087 5860
3090 5861
3090 5862
3090 5863
3090 5864
3090 5865
3093 5866
3093 5867
3093 5868
3093 5869
3093 5870
3093 5871
3095 5872
3099 5873
3099 5874
3099 5875
3100 5876
3102 5877
3102 5878
3102 5879
3105 5880
3106 5881
3106 5882
3106 5883
3106 5884
3106 5885
3106 5886
3106 5887
3106 5888
3106 5889
3106 5890
3107 5891
3107 5892
3107 5893
3107 5894
3107 5895
3107 5896
3107 5897
3107 5898
3107 5899
3107 5900
3107 5901
3107 5902
3107 5903
3107 5904
3107 5905
3112 5906
3112 5907
3112 5908
3112 5909
3112 5910
3112 5911
3112 5912
3112 5913
3112 5914
3112 5915
3112 5916
3112 5917
3112 5918
3112 5919
3112 5920
3113 5921
3113 5922
3113 5923
3113 5924
3113 5925
3115 5926
3119 5927
3119 5928
3119 5929
3119 5930
3119 5931
3119 5932
3119 5933
3119 5934
3119 5935
3119 5936
3119 5937
3119 5938
3119 5939
3120 5940
3122 5941
3123 5942
3123 5943
3123 5944
3123 5945
3123 5946
3124 5947
3124 5948
3124 5949
3125 5950
3125 5951
3126 5952
3132 5953
3137 5954
3137 5955
3139 5956
3139 5957
3139 5958
3141 5959
3141 5960
3150 5961
3150 5962
3150 5963
3150 5964
3150 5965
3150 5966
3152 5967
3153 5968
3153 5969
3154 5970
3154 5971
3154 5972
3155 5973
3155 5974
3155 5975
3155 5976
3155 5977
3155 5978
3155 5979
3155 5980
3155 5981
3155 5982
3155 5983
3155 5984
3155 5985
3155 5986
3155 5987
3155 5988
3155 5989
3155 5990
3155 5991
3155 5992
3155 5993
3155 5994
3159 5995
3159 5996
3159 5997
3159 5998
3159 5999
3160 6000
3160 6001
3160 6002
3160 6003
3160 6004
3160 6005
3160 6006
3160 6007
3160 6008
3160 6009
3160 6010
3160 6011
3160 6012
3160 6013
3160 6014
3160 6015
3160 6016
3160 6017
3160 6018
3160 6019
3160 6020
3160 6021
3160 6022
3160 6023
3161 6024
3161 6025
3161 6026
3161 6027
3161 6028
3161 6029
3161 6030
3161 6031
3161 6032
3161 6033
3161 6034
3161 6035
3166 6036
3166 6037
3167 6038
3167 6039
3167 6040
3168 6041
3168 6042
3168 6043
3168 6044
3168 6045
3168 6046
3168 6047
3168 6048
3168 6049
3168 6050
3171 6051
3171 6052
3171 6053
3171 6054
3172 6055
3172 6056
3172 6057
3172 6058
3172 6059
3172 6060
3172 6061
3172 6062
3172 6063
3173 6064
3173 6065
3173 6066
3173 6067
3173 6068
3175 6069
3175 6070
3175 6071
3175 6072
3175 6073
3175 6074
3175 6075
3175 6076
3175 6077
3175 6078
3175 6079
3175 6080
3175 6081
3175 6082
3175 6083
3175 6084
3182 6085
3182 6086
3183 6087
3183 6088
3183 6089
3183 6090
3183 6091
3183 6092
3183 6093
3183 6094
3183 6095
3183 6096
3184 6097
3187 6098
3187 6099
3187 6100
3187 6101
3187 6102
3187 6103
3194 6104
3194 6105
3194 6106
3194 6107
3194 6108
3194 6109
3194 6110
3194 6111
3194 6112
3194 6113
3194 6114
3196 6115
3196 6116
3196 6117
3196 6118
3196 6119
3196 6120
3196 6121
3196 6122
3197 6123
3197 6124
3197 6125
3197 6126
3198 6127
3202 6128
3207 6129
3213 6130
3213 6131
3213 6132
3214 6133
3215 6134
3215 6135
3215 6136
3215 6137
3217 6138
3217 6139
3218 6140
3218 6141
3219 6142
3219 6143
3219 6144
3219 6145
3220 6146
3220 6147
3221 6148
3221 6149
3221 6150
3221 6151
3221 6152
3222 6153
3222 6154
3227 6155
3227 6156
3227 6157
3227 6158
3227 6159
3229 6160
3229 6161
3229 6162
3229 6163
3236 6164
3245 6165
3247 6166
3248 6167
3249 6168
3251 6169
3251 6170
3251 6171
3253 6172
3253 6173
3253 6174
3261 6175
3274 6176
3276 6177
3276 6178
3276 6179
3277 6180
3278 6181
3282 6182
3282 6183
3285 6184
3286 6185
3286 6186
3288 6187
3293 6188
3301 6189
3302 6190
3311 6191
3311 6192
3311 6193
3311 6194
3312 6195
3313 6196
3313 6197
3313 6198
3317 6199
3317 6200
3317 6201
3317 6202
3317 6203
3317 6204
3317 6205
3317 6206
3317 6207
3317 6208
3317 6209
3317 6210
3317 6211
3317 6212
3318 6213
3318 6214
3318 6215
3318 6216
3331 6217
3332 6218
3332 6219
3333 6220
3338 6221
3351 6222
3351 6223
3351 6224
3351 6225
3352 6226
3352 6227
3352 6228
3354 6229
3360 6230
3362 6231
3362 6232
3364 6233
3365 6234
3366 6235
3366 6236
3366 6237
3368 6238
3370 6239
3371 6240
3371 6241
3371 6242
3371 6243
3371 6244
3371 6245
3371 6246
3371 6247
3371 6248
3371 6249
3371 6250
3371 6251
3371 6252
3372 6253
3373 6254
3373 6255
3374 6256
3374 6257
3374 6258
3374 6259
3374 6260
3374 6261
3374 6262
3374 6263
3374 6264
3374 6265
3374 6266
3374 6267
3374 6268
3374 6269
3374 6270
3374 6271
3374 6272
3374 6273
3374 6274
3376 6275
3383 6276
3384 6277
3386 6278
3388 6279
3388 6280
3405 6281
3406 6282
3411 6283
3431 6284
3432 6285
3434 6286
3434 6287
3435 6288
3436 6289
3444 6290
3445 6291
3446 6292
3448 6293
3452 6294
3454 6295
3455 6296
3455 6297
3455 6298
3455 6299
3455 6300
3455 6301
3456 6302
3457 6303
3457 6304
3457 6305
3457 6306
3462 6307
3462 6308
3462 6309
3464 6310
3465 6311
3466 6312
3467 6313
3469 6314
3469 6315
3473 6316
3478 6317
3482 6318
3489 6319
3489 6320
3489 6321
3490 6322
3490 6323
3494 6324
3494 6325
3495 6326
3496 6327
3496 6328
3496 6329
3500 6330
3503 6331
3503 6332
3504 6333
3504 6334
3504 6335
3505 6336
3507 6337
3508 6338
3508 6339
3510 6340
3511 6341
3524 6342
3524 6343
3524 6344
3524 6345
3526 6346
3527 6347
3529 6348
3529 6349
3536 6350
3541 6351
3543 6352
3546 6353
3546 6354
3557 6355
3557 6356
3558 6357
3558 6358
3558 6359
3560 6360
3560 6361
3563 6362
3563 6363
3563 6364
3563 6365
3563 6366
3563 6367
3563 6368
3563 6369
3563 6370
3564 6371
3567 6372
3568 6373
3569 6374
3572 6375
3577 6376
3580 6377
3580 6378
3580 6379
3583 6380
3583 6381
3583 6382
3583 6383
3583 6384
3583 6385
3583 6386
3583 6387
3585 6388
3585 6389
3585 6390
3585 6391
3585 6392
3586 6393
3586 6394
3586 6395
3586 6396
3586 6397
3586 6398
3586 6399
3586 6400
3586 6401
3588 6402
3588 6403
3588 6404
3588 6405
3588 6406
3588 6407
3588 6408
3588 6409
3589 6410
3589 6411
3589 6412
3589 6413
3589 6414
3589 6415
3589 6416
3589 6417
3590 6418
3590 6419
3590 6420
3590 6421
3594 6422
3594 6423
3594 6424
3596 6425
3596 6426
3596 6427
3596 6428
3596 6429
3596 6430
3596 6431
3596 6432
3596 6433
3596 6434
3597 6435
3598 6436
3598 6437
3598 6438
3599 6439
3599 6440
3599 6441
3599 6442
3599 6443
3599 6444
3599 6445
3599 6446
3599 6447
3599 6448
3599 6449
3599 6450
3601 6451
3601 6452
3601 6453
3601 6454
3601 6455
3601 6456
3601 6457
3601 6458
3601 6459
3601 6460
3601 6461
3601 6462
3601 6463
3601 6464
3601 6465
3603 6466
3603 6467
3603 6468
3603 6469
3603 6470
3603 6471
3603 6472
3603 6473
3604 6474
3604 6475
3604 6476
3604 6477
3605 6478
3606 6479
3606 6480
3607 6481
3610 6482
3610 6483
3610 6484
3610 6485
3610 6486
3610 6487
3611 6488
3614 6489
3614 6490
3614 6491
3614 6492
3614 6493
3614 6494
3616 6495
3617 6496
3617 6497
3617 6498
3617 6499
3617 6500
3617 6501
3617 6502
3617 6503
3618 6504
3619 6505
3619 6506
3619 6507
3619 6508
3619 6509
3619 6510
3619 6511
3620 6512
3620 6513
3620 6514
3622 6515
3622 6516
3623 6517
3623 6518
3623 6519
3623 6520
3623 6521
3625 6522
3625 6523
3625 6524
3625 6525
3626 6526
3629 6527
3630 6528
3630 6529
3630 6530
3630 6531
3631 6532
3631 6533
3631 6534
3631 6535
3631 6536
3632 6537
3632 6538
3632 6539
3635 6540
3637 6541
3638 6542
3641 6543
3641 6544
3641 6545
3641 6546
3641 6547
3642 6548
3642 6549
3643 6550
3644 6551
3644 6552
3644 6553
3644 6554
3644 6555
3644 6556
3644 6557
3644 6558
3644 6559
3644 6560
3644 6561
3644 6562
3644 6563
3644 6564
3644 6565
3645 6566
3645 6567
3645 6568
3645 6569
3645 6570
3645 6571
3645 6572
3645 6573
3645 6574
3645 6575
3645 6576
3645 6577
3646 6578
3646 6579
3646 6580
3646 6581
3646 6582
3646 6583
3647 6584
3647 6585
3647 6586
3647 6587
3647 6588
3647 6589
3647 6590
3648 6591
3648 6592
3648 6593
3648 6594
3649 6595
3649 6596
3649 6597
3649 6598
3649 6599
3649 6600
3650 6601
3650 6602
3650 6603
3650 6604
3650 6605
3653 6606
3654 6607
3656 6608
3658 6609
3664 6610
3668 6611
3675 6612
3675 6613
3675 6614
3676 6615
3677 6616
3679 6617
3679 6618
3682 6619
3686 6620
3688 6621
3688 6622
3690 6623
3690 6624
3697 6625
3698 6626
3705 6627
3708 6628
3710 6629
3717 6630
3717 6631
3719 6632
3719 6633
3719 6634
3719 6635
3719 6636
3723 6637
3730 6638
3750 6639
3750 6640
3750 6641
3751 6642
3752 6643
3754 6644
3756 6645
3756 6646
3764 6647
3764 6648
3765 6649
3765 6650
3770 6651
3778 6652
3791 6653
3794 6654
3811 6655
3812 6656
3812 6657
3812 6658
3813 6659
3813 6660
3815 6661
3824 6662
3824 6663
3827 6664
3828 6665
3828 6666
3829 6667
3834 6668
3834 6669
3836 6670
3836 6671
3840 6672
3840 6673
3847 6674
3849 6675
3861 6676
3871 6677
3871 6678
3871 6679
3873 6680
3873 6681
3873 6682
3874 6683
3874 6684
3875 6685
3875 6686
3875 6687
3876 6688
3884 6689
3889 6690
3891 6691
3898 6692
3901 6693
3901 6694
3901 6695
3905 6696
3946 6697
3946 6698
3948 6699
3949 6700
3952 6701
3952 6702
3952 6703
3952 6704
3952 6705
3952 6706
3952 6707
3952 6708
3952 6709
3952 6710
3952 6711
3952 6712
3952 6713
3952 6714
3952 6715
3952 6716
3952 6717
3967 6718
3973 6719
3973 6720
3973 6721
3973 6722
3980 6723
3997 6724
4000 6725
4019 6726
4025 6727
4036 6728
4036 6729
4036 6730
4036 6731
4036 6732
4036 6733
4036 6734
4036 6735
4036 6736
4036 6737
4036 6738
4036 6739
4036 6740
4036 6741
4036 6742
4036 6743
4036 6744
4036 6745
4036 6746
4037 6747
4037 6748
4037 6749
4037 6750
4037 6751
4037 6752
4037 6753
4037 6754
4037 6755
4037 6756
4037 6757
4037 6758
4037 6759
4037 6760
4037 6761
4037 6762
4037 6763
4037 6764
4037 6765
4037 6766
4038 6767
4038 6768
4038 6769
4038 6770
4038 6771
4038 6772
4038 6773
4038 6774
4038 6775
4038 6776
4038 6777
4038 6778
4039 6779
4039 6780
4039 6781
4039 6782
4039 6783
4039 6784
4039 6785
4039 6786
4039 6787
4039 6788
4039 6789
4039 6790
4039 6791
4039 6792
4039 6793
4039 6794
4039 6795
4039 6796
4040 6797
4040 6798
4040 6799
4040 6800
4040 6801
4040 6802
4040 6803
4040 6804
4040 6805
4040 6806
4040 6807
4040 6808
4040 6809
4040 6810
4040 6811
4040 6812
4040 6813
4040 6814
4040 6815
4040 6816
4040 6817
4040 6818
4040 6819
4040 6820
4040 6821
4042 6822
4044 6823
4044 6824
4055 6825
4057 6826
4057 6827
4058 6828
4062 6829
4062 6830
4062 6831
4062 6832
4062 6833
4062 6834
4062 6835
4062 6836
4062 6837
4062 6838
4062 6839
4062 6840
4062 6841
4062 6842
4062 6843
4062 6844
4062 6845
4062 6846
4062 6847
4062 6848
4062 6849
4062 6850
4062 6851
4062 6852
4062 6853
4062 6854
4062 6855
4062 6856
4062 6857
4062 6858
4062 6859
4062 6860
4062 6861
4062 6862
4062 6863
4063 6864
4063 6865
4063 6866
4063 6867
4063 6868
4063 6869
4063 6870
4063 6871
4063 6872
4063 6873
4063 6874
4063 6875
4063 6876
4063 6877
4063 6878
4063 6879
4063 6880
4064 6881
4064 6882
4064 6883
4064 6884
4064 6885
4064 6886
4064 6887
4064 6888
4064 6889
4064 6890
4064 6891
4064 6892
4064 6893
4064 6894
4064 6895
4064 6896
4064 6897
4064 6898
4064 6899
4064 6900
4064 6901
4064 6902
4064 6903
4065 6904
4065 6905
4065 6906
4065 6907
4065 6908
4065 6909
4065 6910
4065 6911
4065 6912
4065 6913
4065 6914
4065 6915
4065 6916
4065 6917
4065 6918
4065 6919
4065 6920
4065 6921
4065 6922
4065 6923
4065 6924
4065 6925
4065 6926
4065 6927
4065 6928
4065 6929
4065 6930
4065 6931
4065 6932
4065 6933
4065 6934
4065 6935
4065 6936
4065 6937
4065 6938
4065 6939
4065 6940
4065 6941
4065 6942
4065 6943
4065 6944
4065 6945
4065 6946
4065 6947
4065 6948
4065 6949
4065 6950
4065 6951
4065 6952
4065 6953
4066 6954
4066 6955
4066 6956
4066 6957
4066 6958
4066 6959
4066 6960
4066 6961
4066 6962
4066 6963
4066 6964
4066 6965
4066 6966
4066 6967
4066 6968
4066 6969
4066 6970
4066 6971
4066 6972
4066 6973
4066 6974
4066 6975
4066 6976
4066 6977
4066 6978
4067 6979
4067 6980
4067 6981
4067 6982
4068 6983
4068 6984
4068 6985
4068 6986
4068 6987
4068 6988
4068 6989
4068 6990
4068 6991
4068 6992
4068 6993
4068 6994
4068 6995
4068 6996
4068 6997
4068 6998
4068 6999
4227 7000
4227 7001
4236 7002
4237 7003
4258 7004
4258 7005
4258 7006
4258 7007
4258 7008
4258 7009
4258 7010
4258 7011
4258 7012
4258 7013
4258 7014
4259 7015
4259 7016
4259 7017
4259 7018
4259 7019
4259 7020
4259 7021
4259 7022
4259 7023
4259 7024
4259 7025
4259 7026
4259 7027
4260 7028
4260 7029
4260 7030
4260 7031
4260 7032
4260 7033
4260 7034
4260 7035
4260 7036
4260 7037
4260 7038
4260 7039
4260 7040
4260 7041
4260 7042
4260 7043
4260 7044
4260 7045
4260 7046
4260 7047
4260 7048
4331 7049
4387 7050
4399 7051
4402 7052
4403 7053
4414 7054
4422 7055
4422 7056
4422 7057
4423 7058
4423 7059
4423 7060
4423 7061
4423 7062
4424 7063
4424 7064
4424 7065
4425 7066
4425 7067
4433 7068
4447 7069
4447 7070
4447 7071
4448 7072
4463 7073
4463 7074
4463 7075
4924 7076
4924 7077
4924 7078
4945 7079
4945 7080
5105 7081
5105 7082
5105 7083
5106 7084
5106 7085
5106 7086
5106 7087
5106 7088
5106 7089
5106 7090
5106 7091
5106 7092
5106 7093
5106 7094
5106 7095
5106 7096
5106 7097
5106 7098
5106 7099
5106 7100
5106 7101
5106 7102
5106 7103
5106 7104
5106 7105
5106 7106
5106 7107
5106 7108
5106 7109
5106 7110
5106 7111
5106 7112
5106 7113
5106 7114
5106 7115
5223 7116
5235 7117
5236 7118
5393 7119
5393 7120
5393 7121
5393 7122
5393 7123
5393 7124
5393 7125
5393 7126
5393 7127
5393 7128
5393 7129
5393 7130
5393 7131
5393 7132
5393 7133
5393 7134
5393 7135
5439 7136
5449 7137
5453 7138
5453 7139
5454 7140
5458 7141
5458 7142
5466 7143
5468 7144
5468 7145
5469 7146
5470 7147
5470 7148
5473 7149
5473 7150
5473 7151
5473 7152
5473 7153
5473 7154
5473 7155
5473 7156
5473 7157
5473 7158
5473 7159
5475 7160
5475 7161
5481 7162
5497 7163
5500 7164
5684 7165
5684 7166
5684 7167
5684 7168
5684 7169
5684 7170
5684 7171
5684 7172
5684 7173
5684 7174
5685 7175
5687 7176
5700 7177
5700 7178
5701 7179
5702 7180
5707 7181
5708 7182
5708 7183
5708 7184
5709 7185
5709 7186
5709 7187
5712 7188
5712 7189
5712 7190
5712 7191
5712 7192
5713 7193
5717 7194
5718 7195
5718 7196
5718 7197
5718 7198
5718 7199
5718 7200
5718 7201
5718 7202
5718 7203
5718 7204
5718 7205
5718 7206
5718 7207
5718 7208
5718 7209
5718 7210
5720 7211
5723 7212
5723 7213
5723 7214
5723 7215
5723 7216
5723 7217
5724 7218
5725 7219
5727 7220
5727 7221
5727 7222
5737 7223
5739 7224
5739 7225
5744 7226
5746 7227
5762 7228
5762 7229
5762 7230
5762 7231
5762 7232
5762 7233
5762 7234
5762 7235
5762 7236
5762 7237
5762 7238
5762 7239
5762 7240
5765 7241
5766 7242
5768 7243
5776 7244
5777 7245
5778 7246
5792 7247
5792 7248
5792 7249
5798 7250
5803 7251
5805 7252
5805 7253
5805 7254
5806 7255
5809 7256
5814 7257
5814 7258
5822 7259
5833 7260
5833 7261
5833 7262
5837 7263
5840 7264
5841 7265
5841 7266
5841 7267
5841 7268
5841 7269
5841 7270
5841 7271
5841 7272
5841 7273
5841 7274
5841 7275
5842 7276
5842 7277
5842 7278
5842 7279
5842 7280
5842 7281
5842 7282
5842 7283
5842 7284
5842 7285
5842 7286
5842 7287
5842 7288
5842 7289
5842 7290
5842 7291
5842 7292
5842 7293
5843 7294
5844 7295
5844 7296
5844 7297
5844 7298
5844 7299
5845 7300
5845 7301
5845 7302
5845 7303
5847 7304
5848 7305
5848 7306
5848 7307
5851 7308
5857 7309
5860 7310
5860 7311
5860 7312
5860 7313
5860 7314
5860 7315
5860 7316
5860 7317
5860 7318
5860 7319
5860 7320
5863 7321
5863 7322
5863 7323
5872 7324
5879 7325
5880 7326
5881 7327
5883 7328
5883 7329
5883 7330
5883 7331
5886 7332
5888 7333
5893 7334
5896 7335
5900 7336
5906 7337
5910 7338
5911 7339
5911 7340
5911 7341
5914 7342
5914 7343
5916 7344
5916 7345
5916 7346
5926 7347
5927 7348
5929 7349
5932 7350
5942 7351
5942 7352
5943 7353
5943 7354
5943 7355
5945 7356
5945 7357
5947 7358
5948 7359
5948 7360
5949 7361
5949 7362
5949 7363
5949 7364
5949 7365
5950 7366
5951 7367
5951 7368
5951 7369
5956 7370
5959 7371
5973 7372
5973 7373
5975 7374
5987 7375
5988 7376
5989 7377
5991 7378
6003 7379
6004 7380
6004 7381
6004 7382
6022 7383
6022 7384
6022 7385
6022 7386
6025 7387
6030 7388
6033 7389
6051 7390
6051 7391
6051 7392
6051 7393
6051 7394
6055 7395
6061 7396
6061 7397
6062 7398
6062 7399
6063 7400
6083 7401
6083 7402
6085 7403
6106 7404
6109 7405
6109 7406
6109 7407
6110 7408
6110 7409
6110 7410
6110 7411
6112 7412
6112 7413
6112 7414
6114 7415
6117 7416
6155 7417
6156 7418
6157 7419
6159 7420
6164 7421
6172 7422
6172 7423
6188 7424
6188 7425
6213 7426
6213 7427
6213 7428
6234 7429
6256 7430
6257 7431
6261 7432
6281 7433
6298 7434
6302 7435
6302 7436
6302 7437
6318 7438
6318 7439
6324 7440
6325 7441
6331 7442
6331 7443
6332 7444
6332 7445
6332 7446
6339 7447
6339 7448
6339 7449
6340 7450
6340 7451
6346 7452
6347 7453
6347 7454
6348 7455
6350 7456
6350 7457
6355 7458
6355 7459
6355 7460
6355 7461
6355 7462
6355 7463
6355 7464
6355 7465
6357 7466
6357 7467
6357 7468
6357 7469
6357 7470
6373 7471
6373 7472
6383 7473
6383 7474
6383 7475
6383 7476
6384 7477
6387 7478
6387 7479
6387 7480
6387 7481
6388 7482
6390 7483
6398 7484
6406 7485
6410 7486
6411 7487
6412 7488
6412 7489
6413 7490
6415 7491
6416 7492
6418 7493
6424 7494
6430 7495
6431 7496
6432 7497
6432 7498
6453 7499
6457 7500
6457 7501
6458 7502
6459 7503
6460 7504
6466 7505
6466 7506
6467 7507
6467 7508
6472 7509
6476 7510
6476 7511
6477 7512
6482 7513
6483 7514
6496 7515
6496 7516
6496 7517
6496 7518
6496 7519
6499 7520
6505 7521
6506 7522
6507 7523
6510 7524
6510 7525
6516 7526
6518 7527
6518 7528
6518 7529
6518 7530
6520 7531
6520 7532
6522 7533
6524 7534
6527 7535
6528 7536
6528 7537
6530 7538
6530 7539
6532 7540
6536 7541
6536 7542
6542 7543
6542 7544
6542 7545
6542 7546
6547 7547
6548 7548
6550 7549
6551 7550
6587 7551
6609 7552
6624 7553
6626 7554
6628 7555
6630 7556
6630 7557
6638 7558
6648 7559
6648 7560
6678 7561
6679 7562
6679 7563
6679 7564
6680 7565
6682 7566
6686 7567
6686 7568
6688 7569
6697 7570
6708 7571
6721 7572
6721 7573
6721 7574
6721 7575
6728 7576
6728 7577
6728 7578
6728 7579
6728 7580
6728 7581
6728 7582
6728 7583
6728 7584
6728 7585
6728 7586
6728 7587
6728 7588
6728 7589
6728 7590
6728 7591
6728 7592
6728 7593
6728 7594
6823 7595
6828 7596
6828 7597
6828 7598
6828 7599
6828 7600
6828 7601
6828 7602
7050 7603
7056 7604
7056 7605
7056 7606
7056 7607
7069 7608
7073 7609
7073 7610
7075 7611
7076 7612
7080 7613
7143 7614
7143 7615
7143 7616
7147 7617
7163 7618
7171 7619
7171 7620
7171 7621
7171 7622
7171 7623
7171 7624
7171 7625
7171 7626
7171 7627
7179 7628
7181 7629
7189 7630
7196 7631
7200 7632
7210 7633
7210 7634
7220 7635
7229 7636
7233 7637
7244 7638
7244 7639
7244 7640
7244 7641
7244 7642
7244 7643
7244 7644
7244 7645
7244 7646
7244 7647
7260 7648
7269 7649
7278 7650
7289 7651
7291 7652
7295 7653
7296 7654
7298 7655
7298 7656
7298 7657
7299 7658
7299 7659
7299 7660
7299 7661
7299 7662
7300 7663
7300 7664
7300 7665
7300 7666
7300 7667
7304 7668
7304 7669
7304 7670
7304 7671
7304 7672
7304 7673
7304 7674
7304 7675
7304 7676
7304 7677
7304 7678
7308 7679
7308 7680
7308 7681
7311 7682
7313 7683
7325 7684
7325 7685
7325 7686
7326 7687
7332 7688
7340 7689
7349 7690
7349 7691
7350 7692
7351 7693
7363 7694
7367 7695
7370 7696
7417 7697
7423 7698
7424 7699
7435 7700
7443 7701
7443 7702
7445 7703
7445 7704
7454 7705
7456 7706
7456 7707
7458 7708
7459 7709
7464 7710
7466 7711
7479 7712
7485 7713
7502 7714
7509 7715
7513 7716
7534 7717
7538 7718
7549 7719
7549 7720
7549 7721
7552 7722
7552 7723
7555 7724
7565 7725
7569 7726
7596 7727
7598 7728
7611 7729
7611 7730
7614 7731
7629 7732
7629 7733
7629 7734
7643 7735
7655 7736
7655 7737
7655 7738
7655 7739
7656 7740
7671 7741
7674 7742
7674 7743
7676 7744
7676 7745
7676 7746
7684 7747
7686 7748
7690 7749
7717 7750
7717 7751
7726 7752
7726 7753
7729 7754
7729 7755
7729 7756
7730 7757
7731 7758
7756 7759
