N:111 E:110
1 2
1 3
1 4
1 5
1 6
1 7
1 8
1 9
1 10
1 11
1 12
1 13
1 14
1 15
1 16
1 17
1 18
1 19
1 20
1 21
1 22
1 23
1 24
1 25
1 26
1 27
1 28
1 29
1 30
2 31
2 32
2 33
3 34
3 35
3 36
3 37
3 38
3 39
3 40
3 41
3 42
3 43
3 44
3 45
3 46
3 47
3 48
3 49
3 50
3 51
6 52
9 53
11 54
11 55
11 56
11 57
11 58
11 59
11 60
15 61
15 62
15 63
15 64
15 65
15 66
15 67
15 68
15 69
15 70
15 71
15 72
15 73
15 74
15 75
15 76
15 77
15 78
15 79
15 80
15 81
17 82
18 83
18 84
20 85
22 86
22 87
22 88
22 89
22 90
24 91
26 92
27 93
35 94
36 95
36 96
36 97
37 98
37 99
37 100
37 101
37 102
37 103
37 104
37 105
86 106
87 107
107 108
107 109
107 110
107 111
