N:187 E:186
1 2
1 3
1 4
1 5
1 6
1 7
1 8
1 9
1 10
1 11
1 12
1 13
1 14
1 15
1 16
1 17
1 18
1 19
2 20
2 21
2 22
2 23
2 24
2 25
2 26
2 27
2 28
2 29
2 30
2 31
2 32
2 33
2 34
2 35
2 36
20 37
20 38
20 39
20 40
20 41
20 42
20 43
20 44
20 45
20 46
21 47
21 48
21 49
21 50
21 51
21 52
21 53
21 54
21 55
21 56
21 57
21 58
21 59
21 60
21 61
21 62
21 63
22 64
22 65
22 66
22 67
22 68
24 69
24 70
24 71
24 72
25 73
25 74
27 75
27 76
27 77
27 78
27 79
27 80
28 81
28 82
28 83
28 84
28 85
28 86
28 87
28 88
28 89
28 90
28 91
28 92
28 93
28 94
28 95
28 96
28 97
28 98
28 99
28 100
28 101
28 102
28 103
28 104
28 105
28 106
28 107
28 108
28 109
28 110
28 111
28 112
28 113
28 114
28 115
28 116
29 117
30 118
30 119
30 120
30 121
30 122
30 123
30 124
30 125
30 126
30 127
30 128
30 129
30 130
30 131
31 132
31 133
31 134
31 135
31 136
31 137
31 138
31 139
31 140
32 141
32 142
32 143
32 144
32 145
32 146
32 147
32 148
32 149
32 150
32 151
32 152
32 153
32 154
32 155
32 156
32 157
32 158
32 159
32 160
32 161
32 162
32 163
32 164
32 165
32 166
32 167
32 168
32 169
32 170
32 171
32 172
32 173
32 174
32 175
32 176
32 177
32 178
32 179
32 180
32 181
32 182
32 183
32 184
32 185
32 186
32 187
