N:138 E:137
1 2
2 3
2 4
2 5
2 6
2 7
2 8
2 9
2 10
2 11
2 12
2 13
2 14
2 15
2 16
2 17
3 18
3 19
3 20
3 21
3 22
3 23
3 24
3 25
4 26
4 27
4 28
4 29
7 30
10 31
10 32
10 33
11 34
11 35
11 36
11 37
11 38
11 39
11 40
12 41
12 42
12 43
12 44
12 45
12 46
12 47
12 48
12 49
13 50
13 51
13 52
13 53
13 54
13 55
14 56
14 57
14 58
14 59
14 60
14 61
15 62
15 63
15 64
15 65
15 66
15 67
15 68
15 69
15 70
15 71
15 72
15 73
15 74
15 75
15 76
15 77
15 78
16 79
16 80
16 81
16 82
16 83
18 84
18 85
18 86
18 87
18 88
18 89
18 90
18 91
19 92
19 93
19 94
19 95
19 96
19 97
20 98
20 99
20 100
20 101
20 102
20 103
20 104
20 105
20 106
20 107
21 108
21 109
21 110
21 111
21 112
22 113
22 114
22 115
22 116
22 117
23 118
23 119
23 120
23 121
23 122
23 123
23 124
23 125
23 126
23 127
24 128
24 129
24 130
24 131
24 132
24 133
25 134
25 135
25 136
25 137
25 138
