N:692 E:691
1 2
1 3
2 4
2 5
2 6
2 7
4 8
4 9
4 10
5 11
5 12
5 13
5 14
5 15
5 16
5 17
5 18
5 19
5 20
5 21
5 22
5 23
5 24
5 25
5 26
5 27
5 28
5 29
5 30
5 31
5 32
5 33
5 34
5 35
5 36
5 37
5 38
5 39
5 40
5 41
5 42
5 43
5 44
5 45
5 46
5 47
5 48
5 49
5 50
5 51
5 52
5 53
5 54
5 55
5 56
5 57
5 58
5 59
5 60
5 61
5 62
5 63
5 64
5 65
5 66
5 67
5 68
5 69
5 70
5 71
5 72
5 73
5 74
5 75
5 76
5 77
5 78
5 79
5 80
5 81
5 82
5 83
5 84
5 85
5 86
5 87
5 88
5 89
5 90
5 91
5 92
5 93
5 94
5 95
5 96
5 97
5 98
5 99
5 100
5 101
5 102
5 103
5 104
5 105
5 106
5 107
5 108
5 109
5 110
5 111
6 112
6 113
6 114
6 115
6 116
6 117
6 118
6 119
6 120
6 121
6 122
6 123
6 124
6 125
6 126
6 127
6 128
6 129
6 130
6 131
6 132
6 133
6 134
6 135
6 136
6 137
6 138
6 139
6 140
6 141
6 142
6 143
6 144
6 145
6 146
6 147
6 148
6 149
6 150
6 151
6 152
6 153
6 154
6 155
6 156
6 157
6 158
6 159
6 160
6 161
6 162
6 163
6 164
6 165
6 166
6 167
6 168
6 169
6 170
6 171
6 172
6 173
6 174
6 175
6 176
6 177
6 178
6 179
6 180
6 181
6 182
6 183
11 184
11 185
11 186
11 187
11 188
11 189
11 190
11 191
11 192
12 193
12 194
12 195
12 196
12 197
12 198
12 199
12 200
12 201
12 202
12 203
12 204
12 205
12 206
13 207
13 208
13 209
13 210
13 211
13 212
13 213
14 214
14 215
14 216
14 217
14 218
14 219
14 220
14 221
14 222
14 223
14 224
14 225
15 226
15 227
15 228
15 229
15 230
15 231
15 232
16 233
16 234
16 235
16 236
16 237
16 238
16 239
16 240
16 241
16 242
16 243
16 244
16 245
16 246
17 247
17 248
17 249
17 250
17 251
19 252
19 253
19 254
19 255
19 256
19 257
19 258
19 259
112 260
112 261
112 262
112 263
112 264
112 265
112 266
112 267
112 268
112 269
112 270
113 271
113 272
113 273
113 274
113 275
247 276
247 277
248 278
252 279
252 280
252 281
252 282
252 283
252 284
252 285
252 286
252 287
252 288
252 289
252 290
252 291
252 292
252 293
252 294
252 295
252 296
252 297
252 298
252 299
252 300
252 301
252 302
252 303
252 304
252 305
252 306
252 307
252 308
252 309
252 310
252 311
252 312
252 313
252 314
252 315
252 316
252 317
252 318
252 319
253 320
253 321
253 322
253 323
253 324
253 325
253 326
253 327
253 328
253 329
253 330
253 331
253 332
253 333
253 334
253 335
253 336
253 337
253 338
253 339
253 340
253 341
253 342
253 343
253 344
254 345
254 346
254 347
254 348
254 349
254 350
254 351
254 352
255 353
255 354
256 355
257 356
257 357
258 358
259 359
259 360
345 361
345 362
345 363
345 364
345 365
346 366
346 367
346 368
346 369
346 370
346 371
346 372
346 373
346 374
346 375
346 376
346 377
346 378
347 379
347 380
347 381
347 382
347 383
347 384
347 385
347 386
348 387
348 388
348 389
348 390
348 391
348 392
349 393
349 394
349 395
349 396
349 397
349 398
349 399
349 400
349 401
349 402
350 403
350 404
350 405
350 406
350 407
352 408
352 409
352 410
352 411
352 412
352 413
352 414
352 415
352 416
352 417
353 418
353 419
353 420
353 421
353 422
353 423
353 424
354 425
354 426
354 427
354 428
354 429
354 430
354 431
354 432
354 433
354 434
354 435
354 436
354 437
354 438
354 439
354 440
354 441
354 442
354 443
354 444
354 445
354 446
354 447
354 448
354 449
354 450
354 451
354 452
354 453
354 454
354 455
354 456
354 457
354 458
354 459
354 460
354 461
354 462
354 463
354 464
354 465
354 466
354 467
354 468
354 469
354 470
354 471
354 472
354 473
354 474
354 475
354 476
354 477
354 478
354 479
354 480
354 481
354 482
354 483
354 484
354 485
354 486
354 487
354 488
354 489
354 490
354 491
354 492
354 493
354 494
354 495
354 496
354 497
354 498
354 499
354 500
354 501
354 502
354 503
354 504
354 505
354 506
354 507
354 508
354 509
354 510
354 511
354 512
354 513
354 514
354 515
354 516
354 517
354 518
354 519
354 520
354 521
354 522
354 523
354 524
354 525
354 526
354 527
354 528
354 529
354 530
354 531
354 532
354 533
354 534
354 535
354 536
354 537
354 538
354 539
354 540
354 541
354 542
354 543
354 544
354 545
354 546
354 547
354 548
355 549
355 550
355 551
355 552
355 553
355 554
355 555
355 556
355 557
355 558
355 559
355 560
355 561
355 562
355 563
355 564
355 565
355 566
355 567
355 568
355 569
355 570
355 571
355 572
355 573
355 574
355 575
355 576
355 577
355 578
355 579
356 580
356 581
356 582
356 583
356 584
356 585
356 586
356 587
356 588
356 589
356 590
356 591
356 592
356 593
356 594
356 595
356 596
356 597
356 598
356 599
356 600
356 601
356 602
356 603
357 604
357 605
357 606
357 607
357 608
357 609
357 610
357 611
357 612
357 613
357 614
357 615
357 616
357 617
357 618
357 619
357 620
357 621
357 622
357 623
357 624
357 625
357 626
357 627
357 628
357 629
357 630
357 631
358 632
358 633
358 634
358 635
358 636
358 637
358 638
358 639
358 640
358 641
358 642
358 643
358 644
358 645
358 646
358 647
358 648
358 649
358 650
358 651
358 652
358 653
358 654
358 655
358 656
358 657
358 658
358 659
358 660
358 661
358 662
358 663
581 664
581 665
581 666
581 667
581 668
581 669
581 670
581 671
581 672
581 673
581 674
581 675
581 676
581 677
581 678
581 679
581 680
581 681
581 682
581 683
581 684
581 685
581 686
581 687
581 688
581 689
581 690
581 691
581 692
