N:692 E:691
1 1.579312 1.468035
2 1.502048 1.354630
3 1.637009 1.549673
4 1.667640 1.476010
5 1.373864 0.436698
6 1.582981 2.249368
7 1.551479 1.428340
8 1.760800 1.544159
9 1.734533 1.558476
10 1.767871 1.515763
11 1.632452 0.123289
12 1.876925 0.421916
13 1.697270 0.270370
14 1.590106 -0.021524
15 1.408584 0.088478
16 1.234065 -0.049392
17 1.708003 0.629748
18 1.452253 0.298444
19 0.398402 0.259333
20 1.265072 0.324831
21 1.279620 0.559417
22 1.310152 0.463903
23 1.355981 0.601935
24 1.489865 0.570368
25 1.359706 0.380258
26 1.456054 0.477204
27 1.524429 0.522485
28 1.451320 0.323995
29 1.250366 0.409083
30 1.518245 0.465796
31 1.393858 0.517826
32 1.509843 0.496834
33 1.451819 0.445073
34 1.463962 0.350237
35 1.484029 0.544678
36 1.492770 0.378983
37 1.331869 0.590543
38 1.509301 0.401910
39 1.459697 0.532662
40 1.383843 0.307094
41 1.361954 0.281423
42 1.393414 0.281133
43 1.422761 0.334050
44 1.259605 0.439026
45 1.479360 0.413379
46 1.285659 0.424489
47 1.300308 0.391135
48 1.238791 0.487169
49 1.541689 0.441921
50 1.460172 0.386506
51 1.542705 0.469250
52 1.302343 0.298329
53 1.432719 0.415506
54 1.510700 0.546103
55 1.515731 0.431601
56 1.242787 0.514536
57 1.465024 0.569356
58 1.434342 0.362769
59 1.478346 0.316479
60 1.288084 0.321632
61 1.489853 0.444132
62 1.222346 0.418658
63 1.283450 0.357748
64 1.539263 0.414628
65 1.393206 0.549996
66 1.267684 0.503772
67 1.324742 0.428024
68 1.519456 0.362966
69 1.321836 0.364876
70 1.490561 0.476437
71 1.332294 0.286808
72 1.412854 0.308154
73 1.403271 0.573876
74 1.224434 0.466405
75 1.228041 0.388766
76 1.263592 0.536754
77 1.377772 0.590217
78 1.356630 0.310950
79 1.240825 0.367095
80 1.294205 0.522151
81 1.305795 0.580168
82 1.395970 0.605408
83 1.535893 0.496253
84 1.502238 0.333225
85 1.328762 0.313952
86 1.490367 0.352592
87 1.464916 0.502873
88 1.455889 0.592950
89 1.333476 0.561227
90 1.310125 0.334151
91 1.431703 0.579390
92 1.350366 0.495159
93 1.426049 0.287592
94 1.422858 0.601733
95 1.353523 0.344316
96 1.494169 0.519009
97 1.531839 0.387520
98 1.361482 0.568064
99 1.361303 0.535321
100 1.328197 0.526455
101 1.388535 0.339948
102 1.438512 0.555322
103 1.427019 0.530292
104 1.293897 0.488262
105 1.253421 0.346740
106 1.263670 0.467265
107 1.231042 0.443835
108 1.267148 0.385196
109 1.403622 0.378875
110 1.421840 0.493547
111 1.305291 0.551349
112 1.502222 2.684534
113 1.714640 2.549510
114 1.585032 2.301869
115 1.608212 2.145430
116 1.694549 2.178915
117 1.483984 2.297406
118 1.501858 2.398899
119 1.515515 2.314590
120 1.747702 2.288007
121 1.533710 2.378459
122 1.693291 2.331838
123 1.518166 2.250968
124 1.714171 2.268110
125 1.682630 2.248565
126 1.652022 2.233433
127 1.666079 2.195232
128 1.477657 2.324800
129 1.478495 2.378338
130 1.542781 2.214084
131 1.736633 2.230485
132 1.595848 2.336356
133 1.712443 2.238152
134 1.548850 2.418308
135 1.588659 2.367714
136 1.652826 2.336865
137 1.691329 2.213334
138 1.503716 2.185276
139 1.579957 2.192421
140 1.658979 2.158043
141 1.637986 2.302384
142 1.598951 2.423220
143 1.741587 2.324712
144 1.450312 2.295865
145 1.723540 2.352401
146 1.470692 2.221729
147 1.623295 2.345939
148 1.684761 2.390119
149 1.726801 2.299124
150 1.460007 2.351612
151 1.462402 2.247226
152 1.665405 2.363703
153 1.507396 2.374094
154 1.706901 2.375033
155 1.544173 2.295506
156 1.607307 2.175469
157 1.452074 2.270436
158 1.741974 2.260159
159 1.515625 2.345255
160 1.697125 2.291258
161 1.672741 2.310309
162 1.618610 2.404601
163 1.651245 2.385362
164 1.716936 2.325029
165 1.690306 2.357162
166 1.449455 2.322791
167 1.526468 2.407028
168 1.534800 2.171476
169 1.595068 2.394899
170 1.662977 2.274844
171 1.487384 2.351829
172 1.574221 2.418851
173 1.495773 2.214568
174 1.627379 2.376771
175 1.718577 2.202651
176 1.560006 2.364182
177 1.636386 2.178644
178 1.493990 2.270540
179 1.560625 2.393475
180 1.565168 2.154377
181 1.548726 2.335964
182 1.662864 2.406121
183 1.637105 2.416916
184 1.765270 0.070557
185 1.709937 0.003938
186 1.742134 0.020691
187 1.755901 0.044281
188 1.674754 0.007513
189 1.741958 0.083378
190 1.714889 0.029573
191 1.722881 0.057304
192 1.683640 0.033036
193 2.037461 0.443014
194 2.035641 0.413473
195 1.981440 0.484721
196 1.985677 0.507481
197 1.991891 0.458354
198 1.982464 0.382903
199 2.003961 0.400707
200 1.988254 0.351295
201 2.013126 0.363445
202 2.024900 0.466923
203 2.013932 0.490779
204 2.028989 0.386413
205 2.012816 0.433316
206 1.982836 0.428998
207 1.789476 0.200687
208 1.829583 0.256343
209 1.822664 0.281576
210 1.826902 0.207207
211 1.809689 0.184788
212 1.838585 0.231666
213 1.804849 0.233937
214 1.608771 -0.170210
215 1.585660 -0.154257
216 1.686392 -0.152986
217 1.646267 -0.120663
218 1.639698 -0.173185
219 1.711203 -0.100416
220 1.632609 -0.148592
221 1.661617 -0.156869
222 1.682105 -0.101268
223 1.609189 -0.132899
224 1.674340 -0.128060
225 1.704744 -0.127975
226 1.456778 -0.038446
227 1.372993 -0.025203
228 1.471007 -0.013116
229 1.398675 -0.043188
230 1.427076 -0.047892
231 1.405868 -0.010656
232 1.437559 -0.016507
233 1.223787 -0.179739
234 1.164158 -0.114076
235 1.267745 -0.162299
236 1.243191 -0.200174
237 1.193685 -0.171086
238 1.171519 -0.146994
239 1.265602 -0.186870
240 1.213502 -0.205127
241 1.206154 -0.141217
242 1.237964 -0.155203
243 1.185373 -0.198128
244 1.143032 -0.158753
245 1.161935 -0.181001
246 1.136130 -0.127258
247 1.916239 0.733589
248 1.864517 0.723685
249 1.794592 0.729914
250 1.826362 0.680394
251 1.812380 0.707340
252 0.516493 0.803713
253 0.135296 -0.127381
254 -0.062245 0.711876
255 -0.666432 0.159718
256 0.262186 -0.353196
257 1.286222 -0.216953
258 0.002052 0.825391
259 0.336921 0.157470
260 1.544003 2.795110
261 1.443125 2.816267
262 1.542235 2.827625
263 1.485435 2.799546
264 1.516260 2.834283
265 1.491040 2.834161
266 1.457286 2.788014
267 1.427633 2.790216
268 1.567116 2.808544
269 1.514282 2.802276
270 1.466810 2.827885
271 1.762209 2.677912
272 1.787081 2.681671
273 1.815178 2.651312
274 1.738038 2.684506
275 1.789294 2.655834
276 2.044779 0.781622
277 2.031689 0.810371
278 1.974102 0.790130
279 0.633232 0.829190
280 0.431613 0.905906
281 0.594427 0.885325
282 0.548490 0.954665
283 0.550046 0.756864
284 0.474527 0.926487
285 0.446540 0.743693
286 0.473750 0.723962
287 0.500467 0.912232
288 0.510156 0.939740
289 0.432948 0.839182
290 0.627969 0.881631
291 0.523179 0.893976
292 0.559892 0.865042
293 0.548694 0.722012
294 0.471648 0.892534
295 0.578515 0.947981
296 0.479258 0.855411
297 0.421408 0.764442
298 0.537752 0.926383
299 0.483695 0.952909
300 0.605562 0.771802
301 0.567936 0.925620
302 0.415884 0.871101
303 0.627527 0.855976
304 0.455424 0.797563
305 0.404110 0.828852
306 0.569147 0.800436
307 0.600246 0.817243
308 0.587397 0.744785
309 0.511263 0.737595
310 0.598620 0.925467
311 0.447724 0.880693
312 0.522526 0.860457
313 0.451012 0.931668
314 0.519632 0.960968
315 0.564967 0.899112
316 0.590758 0.850003
317 0.615658 0.906363
318 0.417660 0.798170
319 0.627591 0.796969
320 0.133326 -0.259637
321 0.075992 -0.164258
322 0.203602 -0.195036
323 0.052231 -0.199498
324 0.078101 -0.226406
325 0.111594 -0.233656
326 0.050380 -0.239393
327 0.164121 -0.251714
328 0.044702 -0.131580
329 0.091325 -0.197088
330 0.145831 -0.227066
331 0.075255 -0.256484
332 0.168204 -0.195124
333 0.016659 -0.193063
334 0.103568 -0.263042
335 0.016202 -0.125586
336 0.080700 -0.120559
337 0.128783 -0.191374
338 0.042990 -0.095123
339 0.029994 -0.220401
340 0.010157 -0.159636
341 0.084554 -0.080597
342 0.192445 -0.155458
343 0.038569 -0.167916
344 0.186840 -0.226996
345 -0.056931 0.884909
346 -0.052541 1.136827
347 -0.294608 0.820968
348 -0.189911 0.546008
349 -0.246204 0.979028
350 -0.246606 0.647061
351 -0.114234 0.695735
352 -0.421791 0.736339
353 -0.813300 -0.038378
354 -1.714591 0.106143
355 0.121449 -0.955558
356 2.151742 -0.309393
357 1.490379 -0.823679
358 -0.393975 1.392699
359 0.281746 0.109833
360 0.320081 0.084434
361 -0.113931 0.918851
362 -0.038000 0.975414
363 -0.064610 0.956509
364 -0.095036 0.961566
365 -0.022707 0.940305
366 -0.094429 1.222807
367 -0.049198 1.277500
368 -0.120518 1.243816
369 -0.062961 1.247687
370 -0.015222 1.272839
371 0.010983 1.213204
372 -0.018635 1.223653
373 -0.124324 1.209392
374 -0.077629 1.276142
375 0.007440 1.247195
376 -0.060979 1.213413
377 -0.030376 1.251722
378 -0.097734 1.259961
379 -0.406145 0.856247
380 -0.357363 0.860579
381 -0.366567 0.897121
382 -0.329022 0.886213
383 -0.397574 0.815388
384 -0.364515 0.793486
385 -0.394718 0.884247
386 -0.377773 0.835944
387 -0.250296 0.459118
388 -0.185261 0.478187
389 -0.243636 0.491754
390 -0.280294 0.484352
391 -0.214088 0.459383
392 -0.268818 0.518601
393 -0.325638 1.034824
394 -0.329715 1.073157
395 -0.296383 1.045767
396 -0.353091 1.052209
397 -0.302890 1.084959
398 -0.360920 1.020486
399 -0.272360 1.090759
400 -0.334738 1.001370
401 -0.236918 1.072890
402 -0.264479 1.056215
403 -0.345214 0.634567
404 -0.311357 0.582746
405 -0.320290 0.662106
406 -0.343175 0.598409
407 -0.310783 0.618056
408 -0.521120 0.733067
409 -0.518787 0.764003
410 -0.549611 0.777176
411 -0.533699 0.802880
412 -0.540252 0.692392
413 -0.554104 0.749299
414 -0.506671 0.797949
415 -0.511115 0.671129
416 -0.553999 0.720110
417 -0.510778 0.702367
418 -0.840742 -0.113543
419 -0.902348 -0.090992
420 -0.869747 -0.091987
421 -0.884499 -0.125745
422 -0.893053 -0.054753
423 -0.854312 -0.143940
424 -0.815659 -0.134292
425 -1.922195 0.124930
426 -1.651401 0.025296
427 -1.845418 0.229233
428 -1.807199 0.242266
429 -1.606084 0.195450
430 -1.677060 0.264486
431 -1.628454 0.139351
432 -1.896308 0.084132
433 -1.702489 0.276142
434 -1.819075 0.093352
435 -1.883154 0.157158
436 -1.749119 0.207145
437 -1.923306 0.080757
438 -1.869987 0.182976
439 -1.796251 0.063768
440 -1.707004 -0.074847
441 -1.614729 0.079010
442 -1.816498 0.270413
443 -1.594391 0.015561
444 -1.795603 -0.074691
445 -1.738368 0.042813
446 -1.839200 0.117408
447 -1.911435 0.062035
448 -1.718987 0.229881
449 -1.839940 -0.040954
450 -1.827845 0.188956
451 -1.596638 0.171010
452 -1.820289 -0.027501
453 -1.666273 0.188117
454 -1.614238 0.048168
455 -1.585614 0.099368
456 -1.755021 0.265282
457 -1.895656 0.177763
458 -1.783586 0.255044
459 -1.896288 0.109581
460 -1.580277 0.073100
461 -1.580090 0.125013
462 -1.721539 0.260304
463 -1.772264 0.231948
464 -1.830224 0.058016
465 -1.739983 -0.028761
466 -1.689136 0.212283
467 -1.859555 0.144691
468 -1.830055 0.252910
469 -1.659234 -0.029402
470 -1.801140 0.215873
471 -1.859404 0.050486
472 -1.860254 0.020633
473 -1.691876 0.243264
474 -1.898818 0.199313
475 -1.870323 0.092317
476 -1.672298 0.000990
477 -1.660319 -0.055542
478 -1.778462 0.199288
479 -1.627642 0.208009
480 -1.778052 0.092403
481 -1.835645 0.004245
482 -1.662884 0.150432
483 -1.688465 0.046508
484 -1.853137 0.251423
485 -1.797224 0.127630
486 -1.846602 0.169250
487 -1.593349 0.146690
488 -1.793476 0.276971
489 -1.620346 0.109905
490 -1.660537 0.221935
491 -1.767876 0.283905
492 -1.772359 0.038463
493 -1.585320 0.044981
494 -1.868907 -0.009476
495 -1.805229 0.174178
496 -1.633277 -0.036566
497 -1.633483 0.174539
498 -1.914227 0.166573
499 -1.686341 -0.028508
500 -1.827303 0.214935
501 -1.611312 -0.012001
502 -1.620505 0.018705
503 -1.654141 0.250537
504 -1.904800 0.017117
505 -1.638559 -0.007036
506 -1.889664 0.041259
507 -1.735529 -0.079258
508 -1.755433 -0.053605
509 -1.683466 -0.063925
510 -1.719217 0.196001
511 -1.780420 -0.057290
512 -1.914620 0.040822
513 -1.826507 0.145081
514 -1.882281 0.016675
515 -1.891163 0.134304
516 -1.734659 0.283279
517 -1.871508 0.231714
518 -1.804951 0.027523
519 -1.846429 0.083032
520 -1.748231 0.154739
521 -1.763426 -0.078736
522 -1.767366 -0.024315
523 -1.744873 0.242031
524 -1.745669 0.004702
525 -1.847235 -0.017147
526 -1.648450 0.059206
527 -1.868301 0.118660
528 -1.919884 0.103296
529 -1.829492 -0.061359
530 -1.704508 0.015640
531 -1.889817 -0.008040
532 -1.705725 -0.046044
533 -1.865595 -0.035584
534 -1.880842 0.211633
535 -1.792606 -0.030427
536 -1.729013 -0.055830
537 -1.834893 0.030760
538 -1.632902 0.231658
539 -1.661922 0.095216
540 -1.778754 0.004158
541 -1.855605 0.203336
542 -1.714480 -0.013952
543 -1.707475 0.161557
544 -1.777550 0.164639
545 -1.808288 -0.003646
546 -1.913975 0.144812
547 -1.807548 -0.052747
548 -1.879938 0.064788
549 0.026038 -1.080875
550 0.098499 -1.013257
551 0.098798 -1.081863
552 0.138323 -1.065233
553 0.015399 -0.970002
554 0.007825 -1.056383
555 0.186047 -1.089890
556 0.031751 -1.046223
557 0.000039 -1.027465
558 0.165257 -1.042216
559 0.104143 -1.115093
560 0.057763 -1.027113
561 0.203046 -1.065848
562 0.155434 -1.008929
563 0.158545 -1.104978
564 0.026505 -1.011337
565 0.133185 -1.116176
566 0.077329 -1.113864
567 0.115997 -1.046672
568 0.000044 -0.995625
569 0.056247 -0.988868
570 0.082576 -1.050017
571 0.047598 -1.100198
572 0.213290 -1.018023
573 0.044112 -0.952618
574 0.164606 -1.075827
575 0.191301 -0.991693
576 0.125361 -1.091981
577 0.052825 -1.067116
578 0.197403 -1.039957
579 0.072167 -1.088088
580 2.238601 -0.291861
581 2.811758 -0.261855
582 2.288294 -0.393626
583 2.183492 -0.396654
584 2.261028 -0.358893
585 2.301317 -0.297987
586 2.212945 -0.361679
587 2.262018 -0.390297
588 2.237051 -0.437911
589 2.292404 -0.368325
590 2.266084 -0.418733
591 2.231907 -0.383323
592 2.268553 -0.256224
593 2.240481 -0.259428
594 2.171111 -0.429153
595 2.202417 -0.444947
596 2.303521 -0.346386
597 2.269424 -0.298996
598 2.288488 -0.274233
599 2.301775 -0.322501
600 2.205513 -0.419461
601 2.235859 -0.412416
602 2.237414 -0.328515
603 2.272004 -0.330986
604 1.454847 -0.900472
605 1.443593 -0.965460
606 1.551871 -0.879785
607 1.590145 -0.879608
608 1.490649 -0.985715
609 1.505407 -0.961574
610 1.485059 -0.913750
611 1.546065 -0.916861
612 1.514026 -0.931607
613 1.466216 -0.977665
614 1.593635 -0.932168
615 1.515270 -0.893596
616 1.451850 -0.935017
617 1.518176 -0.987291
618 1.589370 -0.955693
619 1.535289 -0.954017
620 1.578477 -0.906713
621 1.543131 -0.981012
622 1.617340 -0.888142
623 1.566186 -0.970082
624 1.414066 -0.918805
625 1.423368 -0.945610
626 1.573722 -0.847875
627 1.423632 -0.889665
628 1.478854 -0.949892
629 1.607330 -0.853829
630 1.562447 -0.941548
631 1.612539 -0.916672
632 -0.389621 1.540184
633 -0.481570 1.375889
634 -0.356834 1.472191
635 -0.427958 1.495758
636 -0.476549 1.448155
637 -0.475344 1.505148
638 -0.411369 1.519392
639 -0.533841 1.401630
640 -0.510931 1.431591
641 -0.486951 1.477042
642 -0.364744 1.540412
643 -0.431845 1.548610
644 -0.444538 1.522479
645 -0.353206 1.517197
646 -0.393990 1.475292
647 -0.429806 1.456194
648 -0.408610 1.555035
649 -0.533792 1.484304
650 -0.463991 1.418453
651 -0.455045 1.480407
652 -0.494319 1.530061
653 -0.514544 1.514333
654 -0.457574 1.551886
655 -0.508824 1.491923
656 -0.541223 1.428540
657 -0.515718 1.376494
658 -0.336252 1.495299
659 -0.383071 1.506742
660 -0.470945 1.532104
661 -0.513651 1.459687
662 -0.499392 1.405306
663 -0.541350 1.456295
664 2.949945 -0.249084
665 2.945204 -0.180906
666 2.897689 -0.191960
667 2.864235 -0.203249
668 2.852669 -0.357441
669 2.894270 -0.159654
670 2.942218 -0.220280
671 2.888303 -0.334988
672 2.871912 -0.311334
673 2.893052 -0.227808
674 2.897044 -0.359074
675 2.923883 -0.201059
676 2.972658 -0.226039
677 2.919691 -0.370054
678 2.945513 -0.276706
679 2.969108 -0.303687
680 2.922017 -0.166546
681 2.920077 -0.245270
682 2.865343 -0.171340
683 2.962808 -0.201061
684 2.977667 -0.251640
685 2.876274 -0.378893
686 2.912545 -0.287971
687 2.957365 -0.328074
688 2.920480 -0.329193
689 2.975467 -0.278635
690 2.887855 -0.267799
691 2.938182 -0.304224
692 2.940833 -0.349973
1 2
1 3
2 4
2 5
2 6
2 7
4 8
4 9
4 10
5 11
5 12
5 13
5 14
5 15
5 16
5 17
5 18
5 19
5 20
5 21
5 22
5 23
5 24
5 25
5 26
5 27
5 28
5 29
5 30
5 31
5 32
5 33
5 34
5 35
5 36
5 37
5 38
5 39
5 40
5 41
5 42
5 43
5 44
5 45
5 46
5 47
5 48
5 49
5 50
5 51
5 52
5 53
5 54
5 55
5 56
5 57
5 58
5 59
5 60
5 61
5 62
5 63
5 64
5 65
5 66
5 67
5 68
5 69
5 70
5 71
5 72
5 73
5 74
5 75
5 76
5 77
5 78
5 79
5 80
5 81
5 82
5 83
5 84
5 85
5 86
5 87
5 88
5 89
5 90
5 91
5 92
5 93
5 94
5 95
5 96
5 97
5 98
5 99
5 100
5 101
5 102
5 103
5 104
5 105
5 106
5 107
5 108
5 109
5 110
5 111
6 112
6 113
6 114
6 115
6 116
6 117
6 118
6 119
6 120
6 121
6 122
6 123
6 124
6 125
6 126
6 127
6 128
6 129
6 130
6 131
6 132
6 133
6 134
6 135
6 136
6 137
6 138
6 139
6 140
6 141
6 142
6 143
6 144
6 145
6 146
6 147
6 148
6 149
6 150
6 151
6 152
6 153
6 154
6 155
6 156
6 157
6 158
6 159
6 160
6 161
6 162
6 163
6 164
6 165
6 166
6 167
6 168
6 169
6 170
6 171
6 172
6 173
6 174
6 175
6 176
6 177
6 178
6 179
6 180
6 181
6 182
6 183
11 184
11 185
11 186
11 187
11 188
11 189
11 190
11 191
11 192
12 193
12 194
12 195
12 196
12 197
12 198
12 199
12 200
12 201
12 202
12 203
12 204
12 205
12 206
13 207
13 208
13 209
13 210
13 211
13 212
13 213
14 214
14 215
14 216
14 217
14 218
14 219
14 220
14 221
14 222
14 223
14 224
14 225
15 226
15 227
15 228
15 229
15 230
15 231
15 232
16 233
16 234
16 235
16 236
16 237
16 238
16 239
16 240
16 241
16 242
16 243
16 244
16 245
16 246
17 247
17 248
17 249
17 250
17 251
19 252
19 253
19 254
19 255
19 256
19 257
19 258
19 259
112 260
112 261
112 262
112 263
112 264
112 265
112 266
112 267
112 268
112 269
112 270
113 271
113 272
113 273
113 274
113 275
247 276
247 277
248 278
252 279
252 280
252 281
252 282
252 283
252 284
252 285
252 286
252 287
252 288
252 289
252 290
252 291
252 292
252 293
252 294
252 295
252 296
252 297
252 298
252 299
252 300
252 301
252 302
252 303
252 304
252 305
252 306
252 307
252 308
252 309
252 310
252 311
252 312
252 313
252 314
252 315
252 316
252 317
252 318
252 319
253 320
253 321
253 322
253 323
253 324
253 325
253 326
253 327
253 328
253 329
253 330
253 331
253 332
253 333
253 334
253 335
253 336
253 337
253 338
253 339
253 340
253 341
253 342
253 343
253 344
254 345
254 346
254 347
254 348
254 349
254 350
254 351
254 352
255 353
255 354
256 355
257 356
257 357
258 358
259 359
259 360
345 361
345 362
345 363
345 364
345 365
346 366
346 367
346 368
346 369
346 370
346 371
346 372
346 373
346 374
346 375
346 376
346 377
346 378
347 379
347 380
347 381
347 382
347 383
347 384
347 385
347 386
348 387
348 388
348 389
348 390
348 391
348 392
349 393
349 394
349 395
349 396
349 397
349 398
349 399
349 400
349 401
349 402
350 403
350 404
350 405
350 406
350 407
352 408
352 409
352 410
352 411
352 412
352 413
352 414
352 415
352 416
352 417
353 418
353 419
353 420
353 421
353 422
353 423
353 424
354 425
354 426
354 427
354 428
354 429
354 430
354 431
354 432
354 433
354 434
354 435
354 436
354 437
354 438
354 439
354 440
354 441
354 442
354 443
354 444
354 445
354 446
354 447
354 448
354 449
354 450
354 451
354 452
354 453
354 454
354 455
354 456
354 457
354 458
354 459
354 460
354 461
354 462
354 463
354 464
354 465
354 466
354 467
354 468
354 469
354 470
354 471
354 472
354 473
354 474
354 475
354 476
354 477
354 478
354 479
354 480
354 481
354 482
354 483
354 484
354 485
354 486
354 487
354 488
354 489
354 490
354 491
354 492
354 493
354 494
354 495
354 496
354 497
354 498
354 499
354 500
354 501
354 502
354 503
354 504
354 505
354 506
354 507
354 508
354 509
354 510
354 511
354 512
354 513
354 514
354 515
354 516
354 517
354 518
354 519
354 520
354 521
354 522
354 523
354 524
354 525
354 526
354 527
354 528
354 529
354 530
354 531
354 532
354 533
354 534
354 535
354 536
354 537
354 538
354 539
354 540
354 541
354 542
354 543
354 544
354 545
354 546
354 547
354 548
355 549
355 550
355 551
355 552
355 553
355 554
355 555
355 556
355 557
355 558
355 559
355 560
355 561
355 562
355 563
355 564
355 565
355 566
355 567
355 568
355 569
355 570
355 571
355 572
355 573
355 574
355 575
355 576
355 577
355 578
355 579
356 580
356 581
356 582
356 583
356 584
356 585
356 586
356 587
356 588
356 589
356 590
356 591
356 592
356 593
356 594
356 595
356 596
356 597
356 598
356 599
356 600
356 601
356 602
356 603
357 604
357 605
357 606
357 607
357 608
357 609
357 610
357 611
357 612
357 613
357 614
357 615
357 616
357 617
357 618
357 619
357 620
357 621
357 622
357 623
357 624
357 625
357 626
357 627
357 628
357 629
357 630
357 631
358 632
358 633
358 634
358 635
358 636
358 637
358 638
358 639
358 640
358 641
358 642
358 643
358 644
358 645
358 646
358 647
358 648
358 649
358 650
358 651
358 652
358 653
358 654
358 655
358 656
358 657
358 658
358 659
358 660
358 661
358 662
358 663
581 664
581 665
581 666
581 667
581 668
581 669
581 670
581 671
581 672
581 673
581 674
581 675
581 676
581 677
581 678
581 679
581 680
581 681
581 682
581 683
581 684
581 685
581 686
581 687
581 688
581 689
581 690
581 691
581 692
