N:20 E:248
1 0.430641 0.553545
2 0.648820 0.555566
3 0.471115 0.597469
4 0.495508 0.544675
5 0.552849 0.561898
6 0.585186 0.451620
7 0.393608 0.608160
8 0.508903 0.642692
9 0.491027 0.389835
10 0.481316 0.732750
11 0.574588 0.759239
12 0.466415 0.474049
13 0.511903 0.308464
14 0.258562 0.537193
15 0.668353 0.679036
16 0.384661 0.839464
17 0.677254 0.454524
18 0.595985 0.641760
19 0.321313 0.699930
20 0.360364 0.458975
1 2
1 3
2 1
1 4
3 1
3 2
3 4
2 4
2 3
4 2
4 1
4 3
5 6
5 1
7 1
1 8
8 1
1 9
9 1
10 1
1 5
4 5
5 4
11 1
1 11
4 6
6 4
7 4
1 6
1 10
12 1
6 5
4 8
10 4
4 10
2 12
1 7
11 2
12 2
13 1
1 13
11 4
5 2
9 3
14 1
6 1
1 14
3 10
8 3
3 9
10 3
3 8
3 13
15 4
8 16
15 1
1 12
17 4
7 3
18 19
17 3
4 7
5 3
12 3
4 9
8 4
16 4
2 10
5 8
20 3
18 3
13 4
9 4
12 4
9 8
7 9
8 2
4 13
13 3
3 11
4 11
7 5
8 11
4 12
4 15
5 7
8 6
17 1
20 12
18 9
18 2
3 6
7 6
20 4
4 19
18 6
8 15
15 3
18 1
17 2
20 5
9 7
3 15
3 19
4 14
10 16
1 17
15 8
1 19
1 15
3 17
20 1
12 8
3 5
5 9
4 17
8 5
6 2
14 4
12 5
1 16
4 16
8 14
15 5
8 17
20 9
20 7
4 20
12 9
12 7
18 4
2 6
8 7
3 7
5 17
7 12
13 9
3 20
8 9
18 8
18 5
19 1
19 4
15 11
12 10
5 10
5 11
20 19
12 14
17 6
17 15
17 8
2 5
6 8
2 15
10 2
12 6
11 5
11 15
2 8
15 2
2 17
5 19
5 14
5 12
10 11
1 18
3 12
20 6
7 2
10 15
18 11
8 10
12 17
8 12
13 12
1 20
4 18
10 8
11 8
11 3
14 12
14 3
3 18
9 17
9 5
14 5
2 18
2 20
11 20
15 12
15 7
15 10
12 18
12 20
6 3
10 5
7 15
6 20
11 12
11 10
11 18
17 12
5 15
5 18
7 14
7 8
14 8
6 7
6 12
2 7
13 18
8 18
19 5
3 14
6 17
14 7
2 13
5 20
11 7
10 20
6 15
19 3
19 7
19 10
19 16
6 13
19 18
19 8
19 12
6 10
6 18
17 7
17 5
9 18
10 12
10 7
10 18
16 10
16 1
16 8
16 18
20 8
8 13
3 16
9 12
9 20
9 13
