node:910edge:5313
0	1
2	1
2	3
0	2
1	2
1	0
2	0
2	4
2	5
3	2
3	4
3	1
3	5
4	2
4	0
4	1
4	5
0	4
0	5
1	5
4	3
1	3
6	0
5	4
5	1
5	2
1	4
7	8
2	9
5	3
10	11
10	2
12	2
0	13
13	0
0	7
7	0
7	2
2	7
2	14
14	2
15	0
2	16
16	2
17	2
18	2
0	19
2	10
1	17
20	13
5	10
9	2
0	17
5	0
10	5
21	2
2	21
8	2
2	8
0	6
5	11
11	5
22	2
14	23
12	5
2	11
8	7
2	18
2	23
24	2
11	10
5	14
12	23
18	5
5	18
19	2
2	19
25	0
0	25
6	26
8	5
1	24
2	12
4	27
27	1
27	2
4	26
27	4
21	1
19	0
24	1
28	2
2	28
29	1
2	30
5	7
7	5
5	31
31	2
21	5
10	1
23	2
16	3
25	2
32	1
2	17
33	2
11	2
23	3
2	33
10	34
2	35
3	18
10	36
2	34
30	2
34	2
14	3
7	10
3	16
18	3
17	37
3	30
5	30
3	14
3	28
38	5
14	39
38	2
2	24
40	5
18	0
12	3
41	2
42	43
0	10
7	23
13	18
44	3
40	3
5	45
5	12
10	3
10	7
24	3
5	16
14	5
3	8
36	2
12	4
39	5
6	46
35	2
19	4
36	4
45	4
7	20
36	5
47	27
44	5
1	18
48	2
36	3
3	35
21	4
2	25
38	35
18	4
29	3
7	4
45	5
27	5
2	49
10	14
0	50
38	4
8	3
51	3
0	24
42	3
28	5
5	19
16	5
52	2
24	5
16	14
2	36
41	0
37	13
12	16
14	1
5	28
28	3
3	21
30	1
2	31
5	21
53	5
12	10
14	21
52	1
53	3
20	7
10	4
5	24
5	38
54	7
10	12
9	27
14	11
40	2
51	24
42	16
42	1
10	35
55	2
5	8
5	35
3	11
4	12
8	19
7	11
12	11
14	45
3	19
51	5
5	43
42	11
31	8
2	56
14	38
57	58
38	3
42	2
57	59
40	1
2	27
4	45
29	24
49	2
24	7
7	24
13	7
5	32
51	10
51	8
13	11
7	45
3	23
16	12
3	38
3	45
3	47
3	60
3	43
5	33
18	39
2	40
38	14
2	47
2	43
2	60
2	29
5	27
2	38
5	47
5	61
2	61
37	7
3	40
8	40
7	40
51	2
24	14
19	3
30	3
9	7
8	4
3	10
37	4
37	40
48	3
10	16
2	48
32	4
62	27
63	4
56	2
5	40
42	22
42	7
42	31
5	23
14	10
10	23
13	23
31	7
31	22
31	3
31	23
5	52
8	13
57	26
17	7
7	17
7	6
44	2
11	1
4	21
2	45
6	19
13	54
33	5
5	60
5	29
10	0
61	2
24	10
2	39
7	1
5	39
7	54
7	13
13	17
9	18
18	9
60	4
29	2
61	27
61	4
14	33
20	0
53	2
47	5
38	10
8	18
14	40
51	16
51	12
5	51
24	16
24	12
31	0
52	5
34	0
3	29
17	13
42	5
32	2
26	0
1	11
24	29
2	52
14	12
14	22
22	8
22	10
22	23
22	3
3	12
10	40
12	24
28	16
3	51
14	16
3	27
5	36
42	14
14	4
2	41
42	23
64	65
34	5
42	10
38	30
55	5
2	55
57	46
49	4
34	4
35	3
35	5
14	35
50	0
45	2
60	2
43	2
47	2
10	17
13	4
66	2
43	5
19	5
17	1
17	0
38	21
67	68
57	68
54	13
0	18
8	11
23	18
24	18
31	4
9	5
55	18
69	4
3	31
48	28
48	13
19	7
24	4
10	18
10	21
51	43
24	33
40	11
40	38
40	14
7	27
47	4
33	4
19	1
1	19
1	10
1	36
11	14
1	7
7	36
50	36
11	34
31	5
1	38
10	49
46	70
8	1
18	30
18	1
18	19
49	11
49	45
24	11
36	45
2	53
5	53
70	46
21	10
21	38
21	35
1	34
0	36
31	36
31	10
31	14
1	30
1	14
59	46
68	46
71	46
38	1
1	40
37	0
10	19
10	43
10	29
10	45
1	23
8	45
8	43
8	72
30	0
10	33
60	24
34	26
7	18
24	0
36	26
36	10
36	34
36	14
4	43
10	24
55	4
55	10
15	46
31	1
49	7
4	7
42	52
40	7
53	18
18	53
7	12
8	10
32	5
12	7
18	21
2	42
3	24
51	56
51	11
4	13
24	8
12	1
50	4
4	50
8	6
2	22
8	23
13	20
18	38
18	34
18	36
49	26
5	22
13	45
13	43
42	21
42	0
42	29
42	45
42	19
5	56
56	5
7	48
22	36
22	5
3	22
10	52
4	23
4	14
4	36
4	40
49	8
66	39
14	18
24	40
3	36
14	24
28	24
53	14
36	7
36	23
36	8
10	27
50	27
26	50
47	1
2	51
4	24
5	42
7	42
7	37
4	25
4	38
4	10
14	31
5	44
18	14
8	37
21	14
21	3
33	24
33	3
24	9
1	31
30	5
30	51
19	8
3	53
3	48
3	42
16	53
3	44
16	40
16	10
13	8
13	37
7	49
7	34
32	28
32	51
33	10
1	42
1	51
45	38
65	64
21	51
29	51
5	9
38	44
38	24
38	12
38	18
2	44
29	5
8	49
17	49
24	35
24	42
24	51
58	67
58	57
5	55
46	58
11	3
60	25
0	9
46	57
56	51
56	35
32	10
0	72
18	10
0	41
7	69
7	31
7	55
1	35
1	44
5	66
25	55
42	35
7	9
17	28
2	66
12	38
27	10
63	13
45	3
45	24
19	53
33	53
11	51
61	10
4	37
4	55
47	3
47	10
45	18
45	69
0	8
46	26
62	0
21	24
21	31
21	18
21	42
40	24
10	38
10	53
10	30
10	42
33	44
33	31
3	66
3	9
0	12
52	40
52	31
52	24
52	10
52	7
52	13
52	42
52	14
52	35
0	15
15	7
3	55
5	34
14	53
14	52
2	32
10	66
12	33
12	14
2	69
7	43
22	45
22	42
22	4
0	49
0	31
12	31
0	63
13	9
13	48
13	49
13	34
48	37
48	20
48	7
48	8
48	54
48	9
54	8
48	49
38	8
31	19
31	24
31	45
27	7
27	3
47	55
61	5
61	7
61	3
62	26
62	7
62	57
33	14
11	12
11	66
11	24
11	25
1	12
28	42
28	30
50	26
50	6
10	8
10	44
72	6
72	7
72	8
50	7
50	25
59	57
71	7
13	31
13	25
10	31
10	55
13	26
13	40
10	9
14	42
8	51
34	10
34	36
35	21
35	10
35	1
35	14
35	38
35	24
35	53
35	44
34	24
10	48
50	8
68	67
0	34
55	14
43	10
43	4
62	67
62	13
19	13
19	6
19	10
45	31
45	10
45	7
45	13
45	8
19	52
19	42
72	26
72	13
72	57
46	6
13	6
72	0
72	54
3	33
13	63
17	10
17	24
17	5
23	5
23	52
7	30
5	69
11	40
11	35
0	54
33	12
0	20
1	69
1	8
1	28
1	22
11	13
11	4
33	22
54	49
54	9
54	37
54	20
54	48
4	28
4	8
69	2
10	51
18	55
4	54
4	32
71	67
21	12
45	12
0	55
1	32
32	3
32	14
32	38
59	6
50	31
50	57
24	30
24	53
24	44
0	37
0	26
0	48
19	40
19	36
10	32
18	52
18	31
6	72
18	51
18	7
36	12
27	31
11	7
11	38
11	8
45	55
19	49
72	20
45	36
60	5
60	3
60	36
60	31
60	18
27	12
1	52
0	40
37	17
3	49
3	25
0	30
4	31
65	73
45	39
45	44
45	14
61	55
61	36
61	44
61	31
61	8
47	18
0	51
0	52
43	3
43	12
43	18
43	7
72	67
61	18
29	12
47	40
43	39
43	36
46	15
29	73
11	28
30	7
30	38
30	14
45	42
13	52
43	31
43	0
43	42
60	0
60	13
60	42
60	10
60	7
60	66
47	42
47	0
29	14
29	25
29	42
43	8
43	55
63	37
27	51
43	14
60	14
49	5
34	11
34	1
34	25
34	22
34	15
34	50
34	40
34	8
34	6
34	13
26	57
60	55
43	24
36	38
36	50
36	0
36	31
36	21
36	11
36	32
12	36
36	18
36	13
36	37
36	1
36	15
6	7
29	10
0	42
27	8
11	18
11	42
24	60
4	69
27	13
0	28
71	13
71	0
47	69
47	12
20	17
31	12
55	12
4	18
4	51
4	39
7	51
49	12
31	55
31	18
40	12
40	10
53	24
16	42
7	28
25	5
25	10
25	8
25	3
18	24
18	22
18	12
18	42
57	67
8	31
8	47
8	22
8	25
8	48
14	61
8	36
12	52
39	18
39	2
7	72
7	19
14	36
8	54
8	24
18	25
18	8
49	10
49	3
36	24
39	14
39	66
39	42
39	55
51	14
51	7
14	28
23	0
23	7
23	9
23	14
23	1
23	56
23	10
23	4
23	11
23	22
23	12
23	29
23	27
23	32
23	43
23	61
23	13
23	36
23	19
23	8
23	45
23	47
23	49
23	34
3	52
3	39
44	18
44	14
44	40
44	10
44	53
44	38
44	12
44	24
44	66
47	14
47	8
47	7
47	25
13	22
69	31
66	18
14	66
16	24
16	51
4	22
16	66
16	28
16	30
3	32
74	2
2	74
2	75
3	75
4	75
75	1
75	2
75	5
75	3
74	1
76	1
1	74
77	1
5	74
2	78
2	79
1	79
79	2
0	80
7	80
80	7
80	0
79	78
78	79
78	2
79	1
80	81
0	81
7	81
81	0
81	80
15	82
2	83
4	84
84	4
18	85
85	18
86	46
75	4
87	2
88	89
84	31
90	0
4	91
46	86
18	92
93	2
5	89
5	94
13	95
96	97
2	98
74	5
99	5
100	2
101	54
2	102
102	2
2	103
103	11
104	1
105	46
106	6
2	107
107	2
97	1
1	97
108	109
74	3
74	78
5	78
3	78
78	1
106	0
110	1
110	2
6	106
111	0
111	80
112	0
112	80
113	6
2	97
109	108
114	4
115	2
116	71
117	118
7	108
119	120
119	27
120	27
121	4
122	36
121	123
121	27
123	27
4	108
89	2
18	124
123	47
1	125
96	126
122	17
127	2
3	128
14	75
128	75
2	89
2	128
89	3
102	75
128	14
129	14
130	75
49	122
131	2
124	18
38	129
26	132
55	88
128	10
133	2
5	134
135	14
136	10
137	23
138	2
4	121
3	129
94	5
139	2
53	140
94	1
141	5
30	142
143	5
144	1
5	145
146	24
147	2
76	2
5	142
140	18
148	2
149	2
125	1
135	2
150	2
2	151
152	39
153	2
154	11
155	2
156	2
2	153
157	21
158	159
2	160
2	76
161	2
12	84
2	162
163	164
165	5
166	5
167	3
135	5
168	4
169	2
170	0
171	0
14	172
75	172
3	172
83	2
0	173
87	5
174	86
172	3
175	176
173	54
177	178
8	91
168	179
180	69
140	5
2	172
4	179
2	142
181	25
10	75
129	75
182	183
33	110
145	2
15	184
185	1
186	3
185	2
60	91
130	2
2	146
24	146
187	35
188	3
189	106
86	15
43	91
186	2
190	46
191	2
25	91
192	16
140	2
2	131
1	76
193	3
194	2
18	142
18	87
13	195
196	2
197	2
198	2
169	5
199	200
199	5
184	15
160	2
92	18
2	93
159	12
201	2
192	5
192	3
202	2
142	2
2	87
203	3
204	205
94	18
206	3
155	3
103	5
207	95
208	3
155	5
191	5
154	5
2	140
1	140
209	210
198	5
211	3
212	4
154	2
213	2
125	5
214	5
10	83
133	5
215	7
216	5
103	2
192	2
10	128
5	83
79	40
79	5
155	40
103	3
153	3
7	217
218	2
84	2
157	2
219	15
220	40
220	3
221	5
79	3
222	13
223	33
224	7
78	3
87	12
8	173
102	21
225	16
226	2
227	228
229	15
82	15
82	184
7	230
231	21
12	89
165	2
232	23
89	5
3	89
7	95
3	103
206	2
5	103
220	2
233	15
5	76
5	196
234	5
113	235
236	29
151	2
233	13
5	127
5	140
159	168
145	5
3	130
237	13
8	238
163	20
238	95
239	2
204	54
7	204
240	3
3	202
241	3
242	2
229	184
216	52
243	2
151	5
103	18
150	5
10	194
244	15
230	13
8	205
245	184
246	24
231	2
247	174
3	188
3	127
5	125
248	2
107	14
237	4
249	39
94	39
85	39
221	2
221	145
38	145
38	188
38	250
145	14
145	125
18	94
79	18
251	3
2	145
2	188
2	202
2	127
2	125
2	196
2	115
141	18
141	94
129	39
252	3
252	2
253	17
7	215
254	3
254	5
254	2
255	7
215	13
3	153
2	134
51	83
12	83
3	83
91	0
220	18
232	256
246	3
165	3
225	2
137	3
230	205
7	205
13	205
95	204
95	48
95	205
205	204
95	7
95	54
205	54
257	5
258	4
110	33
202	4
259	21
49	101
101	204
101	95
101	48
260	48
260	13
260	7
42	89
237	37
232	13
232	4
232	8
31	89
134	2
5	166
5	261
87	262
8	204
8	95
8	260
38	187
263	264
265	19
265	114
137	202
137	47
137	21
137	2
3	79
57	182
266	5
267	173
268	8
122	7
185	197
194	83
194	5
137	5
269	5
269	83
246	5
195	31
257	1
24	154
211	5
270	2
270	3
5	194
220	5
241	2
241	5
2	248
49	271
189	6
136	42
136	2
122	0
104	5
272	68
272	116
93	1
109	196
109	202
13	230
230	54
273	13
5	146
14	202
14	127
61	176
2	155
274	2
7	124
149	5
149	12
108	4
275	39
275	18
276	92
164	62
95	0
25	181
25	277
277	25
277	181
278	5
238	101
238	230
238	54
238	7
238	205
238	204
7	238
184	82
45	159
165	1
279	3
279	5
26	189
280	184
99	2
97	2
145	3
84	5
14	145
12	145
199	2
281	2
275	2
275	5
5	199
3	155
282	146
114	195
110	5
188	24
3	94
283	62
4	168
4	153
14	103
254	1
254	16
255	4
284	5
285	5
285	1
20	215
286	5
232	168
216	2
216	12
216	3
102	5
102	10
216	10
198	3
107	3
287	3
157	51
288	3
287	2
289	2
153	5
153	10
239	5
261	5
290	184
290	15
169	16
291	179
179	292
69	179
5	110
31	158
206	1
206	11
264	58
168	69
3	214
293	256
294	256
151	39
134	5
155	23
2	220
2	165
295	7
187	5
296	5
35	297
12	142
87	18
7	195
102	1
102	11
298	4
180	4
299	13
299	7
299	95
204	13
54	204
230	204
48	204
13	204
204	7
204	230
48	205
48	173
48	95
5	75
100	5
100	3
14	89
22	89
42	149
2	149
26	300
26	106
106	300
5	192
301	16
237	7
10	153
40	153
302	3
302	10
302	2
149	3
4	232
216	4
149	40
225	3
303	5
303	103
10	142
304	106
305	242
306	2
214	2
307	242
103	16
5	225
241	225
206	5
206	28
206	40
206	4
211	2
103	28
12	192
286	3
5	153
308	189
309	310
311	40
312	2
242	5
277	131
5	139
233	184
2	313
314	5
314	2
88	2
2	88
2	315
316	18
10	313
93	10
313	93
216	93
12	93
136	33
317	2
178	116
86	174
5	130
2	130
130	172
172	2
128	2
35	172
122	4
75	186
14	186
122	26
187	10
187	130
102	128
10	129
10	102
155	318
319	2
320	321
322	2
323	2
324	2
316	19
325	50
326	0
315	2
327	2
328	2
318	2
329	2
330	2
331	2
332	5
333	2
147	3
334	3
335	12
13	237
156	5
156	3
149	23
317	3
13	233
94	2
94	3
74	77
20	37
2	94
49	114
336	204
223	2
5	149
239	3
4	131
131	96
54	205
7	337
18	231
18	141
201	5
338	256
161	3
5	188
339	39
340	123
341	2
342	2
102	23
102	18
134	18
107	102
102	313
227	45
223	3
343	33
343	1
227	4
227	168
158	4
344	2
283	6
184	233
3	76
180	179
304	182
64	320
2	242
242	30
345	18
131	209
52	140
3	145
6	113
346	113
254	11
254	195
254	21
254	45
254	43
23	202
131	274
218	347
348	5
154	348
349	2
350	351
2	201
88	11
352	19
51	223
353	18
13	228
354	2
354	33
237	0
162	2
355	2
88	94
88	5
94	88
310	4
125	2
125	38
125	43
125	228
40	125
292	298
92	2
356	210
357	2
357	1
333	357
142	1
202	1
358	1
358	21
358	11
358	5
358	45
11	129
36	129
19	122
1	75
2	129
129	3
236	2
3	142
96	30
96	33
96	51
137	1
317	21
359	30
359	1
359	5
12	76
2	185
2	223
0	122
1	128
31	129
266	2
100	30
360	297
361	86
18	275
247	362
247	57
247	58
183	58
183	57
7	122
138	1
3	196
343	5
5	202
165	10
313	2
313	1
107	1
234	11
234	2
234	33
1	137
358	23
358	2
363	364
365	228
366	61
367	46
116	46
137	30
125	14
14	125
368	118
78	74
369	25
37	20
10	195
10	202
10	146
366	91
61	91
186	21
96	23
218	1
8	123
87	202
232	119
232	123
232	45
30	91
202	24
202	146
2	154
370	371
97	5
15	229
78	5
19	326
228	326
114	326
121	326
62	326
246	2
5	92
2	186
186	75
58	346
128	102
372	18
126	2
373	21
295	45
24	188
348	2
374	3
36	122
146	2
146	5
127	24
123	195
121	195
354	3
354	5
375	8
73	351
88	0
82	86
82	233
179	4
143	4
376	4
97	24
2	270
377	2
378	2
86	13
119	195
142	5
47	195
131	18
379	106
72	106
0	106
380	106
381	106
382	6
106	379
383	6
383	106
218	5
248	5
144	2
163	37
384	18
64	385
243	40
2	194
201	12
201	24
7	237
4	248
375	164
5	198
386	62
386	380
386	387
386	50
203	2
42	261
388	2
151	24
151	194
151	12
151	4
7	389
389	237
389	7
390	391
390	5
391	390
391	5
2	358
6	383
256	4
256	7
256	248
7	375
272	392
272	164
214	24
163	7
163	237
191	24
103	10
103	14
150	12
24	194
237	19
157	24
285	2
31	84
393	2
394	2
155	12
206	24
206	194
2	84
4	92
92	5
5	154
244	82
395	4
227	8
360	97
3	88
396	256
31	256
126	96
42	83
42	136
350	397
398	18
398	124
298	124
189	26
399	2
301	2
301	5
301	10
236	38
132	26
400	2
401	2
166	2
178	105
69	180
69	168
159	180
71	362
402	10
403	2
404	2
129	5
38	75
129	10
129	4
75	10
189	13
230	48
230	7
230	95
230	238
230	8
4	256
405	183
405	182
57	183
133	83
107	18
107	5
18	132
199	257
245	15
5	169
183	405
183	182
139	1
139	250
139	21
13	406
231	1
231	202
99	1
42	188
42	127
42	195
233	0
10	127
7	114
7	407
7	119
408	7
155	14
256	18
7	260
347	218
205	13
409	274
410	18
159	69
167	89
2	139
243	14
243	5
139	3
139	23
139	89
139	14
139	12
214	3
214	23
3	139
273	6
273	217
160	23
160	8
343	2
343	3
75	14
231	18
49	173
292	4
292	179
292	69
292	180
140	44
332	1
332	2
168	332
2	332
286	16
14	192
24	103
3	187
3	186
3	102
3	377
311	3
311	5
103	12
203	5
269	16
165	16
51	153
145	153
411	3
411	2
162	5
134	12
10	89
412	2
412	12
5	107
374	2
24	149
159	18
413	27
123	4
380	4
414	158
415	0
416	18
188	1
89	1
417	2
418	2
419	332
417	30
109	4
3	231
3	393
4	399
4	227
4	159
4	158
2	218
2	216
2	191
2	420
2	421
2	422
2	423
2	424
2	425
2	317
2	377
2	251
2	213
2	137
2	342
2	394
2	426
2	167
2	427
2	254
2	428
2	289
2	344
2	429
2	430
2	431
2	432
2	433
2	214
2	198
2	434
4	88
7	88
272	57
272	58
272	6
5	201
2	150
2	435
2	266
2	436
2	301
2	373
2	246
2	133
2	354
2	241
2	206
194	24
194	10
194	14
194	214
2	412
2	355
2	437
2	438
2	439
2	410
2	306
2	388
7	224
107	12
107	40
107	289
107	10
107	84
107	24
107	191
107	89
107	28
107	55
107	75
107	404
107	42
107	218
107	243
107	216
2	440
2	390
2	243
2	441
4	442
2	404
237	273
237	8
7	163
2	92
2	443
2	296
12	201
12	296
12	103
2	287
2	444
2	135
2	445
2	378
2	446
5	447
5	448
79	107
79	14
5	84
5	136
5	165
5	248
5	311
5	137
14	137
14	141
14	449
5	450
5	218
5	301
5	220
5	451
5	302
5	390
5	254
5	348
5	452
5	343
5	373
5	453
5	243
5	454
5	206
5	286
5	378
18	79
18	256
1	455
5	252
252	5
252	28
252	220
3	248
5	285
5	269
456	4
2	221
115	221
115	220
2	457
5	221
5	457
2	458
14	221
14	458
14	246
14	78
2	259
2	348
38	220
38	201
38	254
38	459
145	221
145	220
145	248
145	51
145	12
145	1
145	460
21	259
21	246
21	457
21	354
21	377
33	354
33	393
33	93
33	457
33	348
33	198
2	461
2	462
2	147
2	463
2	464
2	465
2	307
2	305
142	30
142	18
1	220
1	126
30	147
30	137
3	220
91	30
5	223
5	359
0	366
1	332
91	466
91	295
91	227
91	4
142	10
142	359
142	137
142	147
142	223
2	359
3	252
3	269
3	286
3	378
3	354
7	467
3	165
3	206
3	100
3	301
3	287
3	198
3	137
3	193
3	285
5	211
3	211
3	468
3	154
3	246
3	203
3	311
5	157
3	157
5	79
3	208
3	216
3	469
3	470
3	254
3	471
3	225
3	472
3	473
3	93
3	474
14	206
5	214
3	107
3	302
10	79
232	293
3	149
16	216
3	241
3	240
3	303
5	100
3	342
3	288
3	133
40	240
40	155
5	240
5	155
14	240
14	303
5	216
5	303
4	216
204	95
205	95
95	13
95	475
95	476
95	477
95	299
95	336
95	478
95	479
95	480
95	8
95	481
95	255
95	49
95	482
95	215
95	483
95	9
95	101
95	108
95	484
95	337
95	173
7	363
7	268
7	478
7	484
95	363
95	34
95	268
95	20
95	485
95	273
95	486
95	487
95	488
7	265
7	299
95	489
95	265
95	237
95	490
95	467
95	491
95	492
95	493
95	230
95	494
95	122
95	408
95	495
95	207
18	276
17	253
2	211
2	281
2	99
2	199
2	496
2	399
2	333
2	417
32	96
174	280
174	497
11	208
1	498
1	499
60	143
45	500
1	269
258	8
258	55
258	94
45	309
101	13
101	7
101	49
207	7
260	408
260	501
260	101
260	237
260	54
260	122
260	502
260	49
260	484
260	486
260	503
260	487
260	299
260	485
260	476
260	504
260	505
260	506
260	230
260	507
260	8
260	205
260	478
260	477
260	481
260	508
260	336
233	7
509	262
509	510
87	286
87	137
87	201
87	10
13	207
13	299
38	343
38	275
38	152
38	92
1	153
2	261
2	511
127	221
127	220
127	355
127	218
127	457
127	5
127	3
2	512
127	513
127	418
202	5
202	220
202	354
202	457
202	514
202	427
202	3
202	221
250	221
250	427
250	223
250	317
29	221
29	457
29	515
29	516
29	220
188	2
188	14
188	5
188	358
188	427
188	221
188	220
188	25
188	4
351	517
351	427
351	518
117	515
118	519
118	368
520	521
520	522
520	523
520	524
264	525
264	526
264	263
264	527
264	57
528	529
2	148
183	530
8	493
8	268
8	531
376	168
173	299
173	532
173	49
173	7
173	533
173	8
173	268
173	534
173	493
173	267
173	535
173	487
173	536
173	537
122	49
122	54
122	538
17	122
24	93
24	539
24	393
24	83
24	157
24	96
24	511
158	31
158	540
158	541
158	414
158	542
2	197
197	185
2	543
83	5
83	24
83	410
83	133
83	42
83	55
83	254
83	14
83	194
83	149
83	266
83	3
83	44
83	463
83	420
83	358
83	206
194	358
194	254
83	128
83	145
83	544
83	248
83	354
83	107
83	545
5	358
83	38
83	10
5	422
83	216
83	546
83	102
257	199
1	151
1	257
2	285
2	156
2	374
2	275
1	148
33	254
202	333
0	547
0	548
3	279
3	194
153	4
103	240
103	155
103	303
103	100
2	252
2	269
3	457
2	240
2	470
3	411
352	549
352	4
352	176
175	205
175	550
175	478
175	551
175	552
176	553
176	295
176	554
176	552
142	14
142	429
142	40
142	12
142	3
142	378
2	157
2	555
2	391
2	353
104	3
104	2
176	253
176	175
176	556
176	480
176	509
176	557
176	551
176	205
181	277
181	558
181	369
181	559
181	560
181	442
274	409
274	131
0	561
94	79
94	249
5	562
5	191
88	492
2	85
2	418
89	450
89	60
89	31
89	123
89	418
89	218
89	115
89	51
89	12
89	291
89	419
7	293
7	232
7	158
7	310
7	143
7	262
7	476
7	563
4	143
108	237
108	217
108	8
108	13
108	179
108	7
1	216
1	88
1	438
1	378
108	293
133	33
133	21
133	3
4	180
4	298
4	212
4	310
1	94
5	249
5	141
5	242
5	445
5	564
18	410
1	201
1	165
2	341
25	442
25	369
25	558
25	131
277	442
42	246
42	410
8	492
5	162
238	215
238	8
238	299
238	173
238	268
238	49
238	565
238	13
238	34
238	536
7	255
7	481
7	566
7	567
7	568
7	480
7	554
7	569
7	548
7	570
7	475
184	290
184	7
184	571
279	2
279	572
279	165
279	573
574	575
280	15
3	576
3	577
3	281
3	161
2	578
2	402
2	471
4	333
4	579
14	107
2	579
2	286
2	450
5	580
2	454
2	136
2	581
2	582
2	583
2	584
2	100
418	3
84	7
84	24
84	3
63	563
63	184
21	214
61	352
14	220
14	457
14	311
134	213
0	585
2	586
2	587
2	499
2	311
2	357
2	588
199	10
2	562
2	589
2	459
2	590
2	591
2	203
2	303
2	592
2	593
2	322
2	231
2	594
4	289
31	454
5	354
47	595
47	232
47	596
123	7
282	7
282	179
282	8
282	0
121	7
380	596
380	0
380	69
45	195
45	597
45	254
598	599
598	280
119	7
45	232
45	476
45	217
600	601
598	247
0	467
46	183
1	254
1	546
62	280
407	0
407	595
407	280
598	13
21	602
21	311
21	133
21	603
21	562
21	138
5	133
5	203
5	604
195	4
195	10
195	562
195	254
195	217
195	13
195	42
21	605
21	102
21	154
21	139
110	3
195	88
195	201
188	96
188	97
188	606
188	254
188	10
188	138
188	42
21	231
195	114
188	195
110	24
110	254
110	604
110	10
195	7
195	203
21	254
195	30
188	154
188	605
188	218
114	184
114	13
10	211
10	191
10	103
2	302
2	448
2	474
2	236
2	208
2	607
10	216
10	399
10	246
10	206
10	214
10	165
10	468
168	227
3	136
5	287
24	211
24	193
24	206
24	354
5	588
5	275
0	224
0	415
5	499
5	281
5	99
360	279
360	52
3	572
182	57
182	405
182	608
52	609
52	87
52	145
52	239
52	165
52	103
52	201
52	252
52	246
52	416
261	2
261	246
261	133
261	96
261	87
261	201
261	10
261	89
261	254
261	40
261	3
261	468
261	471
261	52
610	64
15	233
82	244
15	244
15	219
15	86
15	245
15	290
15	611
15	612
15	613
15	164
15	614
184	245
15	615
15	616
15	617
15	618
15	619
15	620
15	621
179	291
179	168
179	180
179	547
179	69
258	345
258	7
29	429
29	433
199	3
299	622
1	623
5	624
5	462
5	239
5	427
5	433
5	625
5	626
5	172
5	429
5	463
5	441
5	93
5	627
5	333
5	307
14	441
14	93
14	301
14	628
14	133
14	354
14	343
14	463
14	239
14	302
14	461
14	589
14	87
14	471
12	335
2	166
2	629
2	239
2	468
2	628
2	627
2	630
5	156
2	631
2	144
2	632
2	633
2	634
2	635
2	141
2	636
220	1
220	10
2	637
2	638
2	226
5	631
2	639
2	347
2	640
96	155
2	249
2	641
2	642
2	547
2	643
13	159
4	273
2	453
139	5
139	33
2	345
2	644
2	645
2	646
22	547
22	195
2	647
2	648
2	419
3	223
3	343
3	373
2	649
2	650
2	651
2	652
2	653
2	654
2	577
2	546
2	343
2	655
2	656
2	657
2	187
2	658
0	659
5	151
2	104
2	660
1	141
5	420
5	305
5	592
5	636
5	322
5	656
5	587
5	355
5	317
5	578
5	404
5	246
5	150
5	410
5	661
5	251
5	424
5	662
5	663
5	664
5	660
5	435
5	665
5	649
5	306
5	213
5	279
5	666
5	144
5	241
5	412
5	128
5	231
5	577
5	667
5	187
5	102
5	425
5	259
5	668
5	391
5	669
5	471
5	423
5	670
72	105
72	164
72	671
1	672
276	18
276	79
205	7
204	299
204	49
204	101
204	8
204	336
204	365
204	37
204	484
204	490
204	9
204	122
204	163
204	215
204	480
204	481
204	566
204	486
204	20
204	237
204	207
204	673
204	478
204	108
204	34
204	255
204	48
204	491
204	265
204	467
204	495
204	337
204	273
204	674
204	487
13	550
13	132
13	552
13	224
13	475
13	215
13	675
13	408
13	490
13	273
13	389
13	676
13	493
13	673
13	492
13	295
13	478
13	255
13	480
13	677
13	570
13	548
13	265
13	260
13	484
13	477
48	365
48	299
48	273
48	480
48	490
48	566
48	336
48	550
48	485
48	237
48	678
54	480
54	478
54	679
54	265
54	34
48	224
48	363
48	491
48	478
48	467
48	484
48	268
48	476
48	489
48	475
48	163
48	487
48	255
48	486
109	10
109	40
109	286
109	201
109	217
109	13
38	96
38	107
140	435
2	416
2	680
2	681
2	682
2	683
2	279
2	161
172	14
172	75
172	10
172	35
186	14
65	684
196	5
196	221
196	220
196	4
196	440
196	23
196	685
196	24
196	259
196	358
196	457
196	1
686	7
38	100
38	287
38	457
47	221
47	457
364	230
364	4
364	132
364	478
364	25
364	173
116	177
380	7
380	20
380	31
119	230
119	585
119	164
61	230
47	137
71	687
250	218
250	32
250	457
351	528
123	173
123	25
33	301
21	458
21	306
21	78
202	14
202	436
11	338
11	311
11	165
11	259
1	100
28	103
28	342
14	252
14	154
5	468
225	103
225	28
4	456
192	14
192	342
192	12
192	590
271	49
271	688
3	312
10	257
50	189
171	31
171	595
171	432
10	232
10	642
171	310
171	356
171	548
10	242
72	86
50	480
10	92
91	294
91	36
91	232
91	13
91	642
91	7
91	40
142	216
142	388
91	484
91	548
91	84
91	18
91	500
10	155
10	139
13	510
13	476
13	481
10	345
13	336
13	232
10	251
10	218
10	461
10	162
10	343
1	206
1	144
1	211
1	241
1	145
1	221
1	468
1	83
1	103
28	281
28	242
28	251
28	275
242	275
178	689
10	201
2	690
2	393
2	691
2	692
2	693
2	664
2	694
2	695
5	193
5	473
14	427
14	429
14	626
14	99
14	199
14	348
14	404
14	201
14	333
14	357
14	696
14	417
14	420
2	697
2	698
2	699
233	614
233	229
10	269
1	341
10	700
10	93
2	314
93	216
93	5
93	12
93	28
701	5
2	702
2	703
2	704
2	705
2	706
2	707
2	708
2	709
2	257
2	609
2	710
2	564
2	234
2	452
7	682
7	233
130	3
130	402
130	35
130	162
130	128
130	51
130	5
130	252
130	87
130	96
130	139
130	187
130	377
130	439
130	303
130	422
122	175
122	500
122	310
75	12
75	348
75	99
75	198
75	254
75	187
75	24
75	21
122	132
122	299
122	37
122	13
122	481
122	490
122	31
122	273
122	365
122	19
122	8
122	280
122	159
122	86
122	237
122	230
122	485
122	212
35	187
49	132
35	588
35	685
35	711
35	528
35	529
35	368
14	208
14	92
14	636
14	355
187	3
187	44
187	472
187	32
102	355
102	647
102	218
102	422
102	24
102	198
12	252
12	75
12	187
10	275
10	577
10	354
10	404
10	452
10	472
4	132
4	122
0	124
5	292
14	129
2	319
19	295
0	95
0	237
2	169
98	5
351	73
235	346
55	345
335	2
335	5
43	217
62	247
325	0
19	109
45	294
45	253
19	589
19	352
72	497
72	712
62	184
46	105
46	713
46	712
406	7
406	26
406	232
406	8
406	31
406	132
406	54
406	597
406	596
155	32
2	714
2	715
12	216
2	716
220	21
226	317
226	52
226	186
2	717
239	21
239	38
220	24
5	115
2	514
5	418
7	364
7	132
2	718
2	719
7	565
4	720
2	721
77	74
23	137
228	7
228	466
228	4
228	267
228	8
228	722
228	227
228	9
228	486
228	13
228	363
228	26
3	723
3	447
223	100
223	5
2	724
2	725
2	726
7	727
2	728
5	724
149	145
149	42
149	51
149	10
149	269
149	14
149	153
149	103
149	28
149	24
5	437
2	663
2	729
2	730
2	498
5	434
3	434
11	731
11	285
11	302
11	378
11	216
11	461
79	69
79	24
0	732
0	678
0	481
33	201
33	728
33	656
0	566
5	640
500	4
1	628
1	89
1	437
1	333
2	733
33	107
2	734
2	731
5	159
54	237
230	299
230	101
54	238
54	101
54	484
54	122
54	686
54	492
54	503
54	475
54	735
54	486
54	163
54	273
54	506
54	676
54	299
54	336
54	736
54	487
54	570
54	550
54	481
54	673
54	534
54	108
54	230
54	173
54	95
337	7
337	265
337	108
337	299
201	427
201	564
201	23
201	737
201	126
201	358
201	40
201	10
201	79
201	206
201	242
201	404
201	218
201	103
201	55
201	18
201	84
5	388
5	738
5	739
5	512
5	270
5	296
4	237
4	204
213	5
3	144
233	82
233	244
233	86
15	571
86	82
2	740
1	279
1	353
1	161
1	93
1	740
1	461
3	573
5	353
3	741
283	304
184	229
355	5
10	136
10	731
180	159
69	159
180	124
180	31
180	163
5	402
304	57
304	742
304	743
242	307
10	266
5	266
5	234
85	3
131	744
52	162
52	589
52	137
52	696
168	158
745	746
168	547
168	641
168	292
168	124
87	89
87	747
87	690
87	748
3	251
348	154
13	222
4	109
4	114
59	105
59	183
59	392
190	67
190	749
190	105
190	183
71	105
71	749
71	183
116	749
116	67
116	105
116	57
116	183
68	183
68	749
68	105
367	749
367	105
367	183
88	36
88	55
88	640
88	345
125	137
125	287
125	457
125	40
125	24
125	100
125	3
247	750
247	751
247	752
21	412
21	156
21	186
21	252
21	218
21	663
21	410
21	99
21	417
21	373
21	753
21	137
21	302
21	157
33	404
33	96
33	206
33	452
33	578
33	668
33	99
33	333
33	373
33	438
33	203
33	155
33	252
33	343
356	25
357	333
1	357
7	295
7	754
7	432
258	642
63	365
418	5
418	79
310	309
142	155
142	149
142	83
2	292
140	3
140	42
297	429
32	97
202	162
202	10
1	139
1	454
1	194
1	286
1	287
1	243
1	692
1	755
32	137
32	214
32	145
91	25
91	159
91	310
91	293
91	179
91	756
91	510
91	10
71	757
59	758
72	759
72	760
50	491
50	86
50	173
50	132
202	218
202	432
297	35
297	761
142	425
142	136
142	358
142	448
142	285
142	42
142	411
142	66
142	79
2	605
24	133
24	348
24	714
762	763
762	764
762	765
762	766
762	767
0	492
0	768
0	389
0	565
0	490
0	503
0	476
0	255
46	272
46	387
46	769
46	770
46	771
46	772
46	773
91	774
91	481
91	775
19	776
19	491
19	232
19	777
346	72
10	433
10	429
10	248
10	422
10	199
10	99
10	778
10	394
10	107
10	584
10	249
10	159
236	104
242	305
242	779
242	780
242	439
18	227
18	147
18	359
18	131
18	134
18	510
18	220
18	372
18	137
18	353
18	102
96	223
96	358
359	2
76	5
76	12
76	3
155	66
155	24
155	10
143	51
143	3
143	2
143	12
133	52
297	360
18	140
1	313
1	203
1	781
1	633
1	782
229	164
229	233
138	5
138	3
78	10
164	783
2	318
114	49
520	784
351	574
351	785
118	784
117	73
117	786
117	358
29	787
29	358
202	87
202	223
202	417
202	12
202	402
202	358
202	788
202	589
202	89
27	189
27	227
127	89
127	452
127	636
196	420
196	3
196	14
250	417
250	593
21	126
33	663
11	79
11	149
11	789
11	468
11	358
11	155
11	137
115	3
115	87
115	420
115	24
115	89
115	417
45	547
45	256
45	456
380	13
380	233
380	267
65	790
188	266
188	51
45	227
45	417
45	94
45	791
45	415
45	88
45	205
196	246
196	726
196	373
196	79
60	227
60	547
60	417
60	159
60	792
60	366
60	256
127	52
127	638
127	199
127	23
46	793
65	320
127	683
27	113
202	419
1	306
14	286
0	232
0	495
1	78
178	67
178	177
3	242
3	92
3	642
3	257
3	148
794	795
794	277
794	796
1	147
2	126
5	126
117	96
115	5
65	797
65	798
174	722
174	184
174	611
174	164
364	417
364	205
364	267
123	799
123	417
326	173
326	722
326	184
45	792
45	289
45	89
45	800
45	801
61	227
61	415
61	89
61	547
61	791
61	466
46	802
114	267
114	173
114	9
47	277
47	417
47	126
114	20
114	7
114	466
326	49
174	229
0	363
0	227
0	486
0	803
0	442
43	227
43	417
43	253
43	94
19	372
235	387
235	611
62	611
62	105
62	804
62	722
600	370
250	52
250	377
62	189
325	189
325	366
45	291
72	386
72	793
0	205
121	173
61	456
61	256
29	430
43	547
43	291
43	800
43	256
188	131
188	452
188	211
364	676
364	550
364	295
46	805
46	806
29	452
325	599
325	7
0	791
11	99
11	723
63	570
33	104
121	480
121	88
2	274
2	409
8	217
30	359
30	220
30	242
30	307
30	96
30	223
5	147
5	416
121	289
121	366
121	722
121	55
351	807
351	808
117	528
117	360
202	227
202	133
146	102
146	3
146	227
146	133
146	179
146	217
146	1
146	154
146	10
114	596
114	599
114	18
351	35
202	179
202	605
202	42
45	310
45	154
598	184
0	88
0	217
600	809
114	0
118	96
520	807
72	713
188	18
188	322
140	1
140	12
123	31
123	8
123	0
123	18
123	476
282	13
121	0
121	132
380	599
810	0
810	13
196	102
196	403
196	133
196	203
196	88
196	10
196	18
196	217
196	231
196	254
45	93
45	179
43	102
60	88
60	597
406	0
406	811
406	432
71	280
406	352
406	759
406	233
407	599
47	218
47	254
65	812
250	360
250	138
1	99
29	427
29	218
29	307
29	322
29	606
29	605
29	139
190	57
43	153
43	254
43	139
45	374
19	84
19	209
371	370
97	360
190	813
118	515
326	164
367	57
1	457
1	248
19	265
19	482
19	173
19	132
228	20
228	106
228	132
228	63
228	173
228	585
228	265
228	55
228	49
121	265
43	221
43	220
43	457
43	132
43	306
43	125
43	137
60	221
60	814
60	265
815	816
72	272
72	299
235	299
235	26
325	106
325	15
325	164
62	164
174	26
174	57
326	106
326	8
326	86
326	15
59	687
190	58
190	86
600	816
600	817
600	818
600	819
125	221
125	220
125	800
125	4
125	45
125	265
125	254
125	25
125	173
2	460
145	354
145	10
145	24
5	85
5	384
5	129
5	345
5	820
2	143
2	472
128	5
128	44
128	133
128	24
128	201
128	53
128	432
128	393
128	21
128	11
128	1
128	40
128	87
128	89
128	3
128	355
128	39
128	42
128	202
128	583
122	108
14	322
34	532
34	487
34	173
34	531
34	432
34	480
34	481
46	821
126	223
11	102
11	388
11	458
1	393
1	343
1	107
1	155
1	354
126	5
126	206
126	14
126	3
325	184
60	456
60	791
60	253
60	800
43	456
43	415
43	159
43	792
43	377
43	791
43	89
227	800
2	138
2	312
36	175
36	227
36	352
36	131
36	295
36	550
36	230
36	273
36	108
36	486
36	301
36	102
36	132
36	299
146	282
29	626
29	236
29	96
11	254
11	142
11	88
11	231
325	13
118	35
118	360
117	218
117	683
407	13
0	822
0	233
0	159
196	42
127	329
24	127
0	501
127	133
1	605
1	154
1	102
127	203
127	1
1	138
127	10
127	42
11	154
11	605
11	217
116	247
116	178
13	217
121	189
380	184
380	280
282	232
810	189
0	596
1	104
1	348
1	246
375	823
88	222
1	592
2	824
82	164
82	245
143	31
4	825
5	104
29	826
27	476
11	138
11	139
29	231
1	358
250	35
106	283
106	776
106	827
106	383
106	72
380	6
106	26
382	383
218	10
12	214
12	342
12	496
12	399
5	399
10	306
20	163
20	267
20	230
20	490
31	543
4	345
4	94
4	125
4	547
4	293
4	828
4	774
4	152
4	374
4	416
4	500
4	176
4	415
4	175
4	262
4	682
4	291
4	292
4	814
4	640
4	800
4	195
4	563
4	597
4	309
4	124
4	253
4	129
243	10
84	51
84	12
10	342
320	64
154	499
154	78
154	221
386	17
386	6
386	174
24	399
216	248
2	829
31	597
31	291
31	88
31	271
31	262
31	298
31	125
388	201
2	830
40	154
216	51
2	831
2	832
53	254
175	833
397	834
574	834
154	103
154	243
191	14
191	342
191	12
16	169
84	835
84	36
84	374
84	791
31	682
31	835
18	456
18	646
18	151
18	718
18	643
18	88
18	822
18	269
18	152
18	129
18	249
92	276
92	201
92	310
92	4
92	94
92	14
92	79
40	311
40	214
244	233
97	96
171	596
25	510
297	96
297	350
4	641
429	2
392	272
50	836
397	257
397	35
397	837
397	73
397	427
397	516
397	251
397	420
397	218
397	824
397	96
32	397
202	96
397	242
397	636
397	155
298	39
111	7
189	308
399	5
236	201
236	5
18	262
18	216
18	457
18	478
18	295
18	198
202	31
202	298
202	262
202	157
202	593
18	398
18	191
18	103
18	581
18	633
18	139
18	246
18	252
18	218
18	461
18	155
124	8
124	10
124	28
124	248
124	39
58	247
58	769
58	105
58	392
58	525
58	838
385	64
64	839
300	26
57	247
57	769
57	105
362	247
362	58
362	769
362	838
57	525
57	838
1	627
132	0
8	114
8	119
8	380
840	516
840	35
241	44
241	40
166	24
238	37
238	131
26	308
178	841
12	159
168	159
69	500
69	641
39	249
39	94
39	275
39	151
39	339
39	129
39	842
2	349
209	22
209	843
209	131
5	186
5	438
5	143
402	2
164	272
164	6
18	345
18	125
262	55
262	299
262	66
262	682
129	11
129	425
129	143
129	31
129	2
129	824
129	155
129	435
129	266
129	422
129	145
129	844
129	18
129	388
129	55
129	291
129	152
129	22
129	1
129	415
129	176
129	53
129	99
129	201
129	24
129	21
129	214
7	486
7	365
7	164
7	84
7	415
7	101
173	238
173	230
173	48
7	173
7	267
7	366
7	557
7	768
7	493
7	845
7	846
7	491
7	847
7	273
7	490
7	550
3	147
3	334
8	480
8	295
8	224
8	484
8	478
8	481
8	363
8	568
8	557
8	509
8	554
8	686
8	848
8	732
8	487
8	537
8	849
8	850
8	534
8	475
8	230
19	501
235	742
196	547
29	426
62	106
59	530
45	396
45	137
71	106
228	299
228	237
228	369
68	687
196	429
114	84
117	685
117	851
0	408
0	163
380	49
121	8
256	232
256	293
256	31
256	294
256	338
256	180
256	93
256	396
8	408
177	852
177	853
177	854
177	67
219	233
219	244
18	333
18	799
18	356
18	128
18	415
18	89
49	415
49	374
49	88
49	486
49	232
245	82
2	855
5	278
5	856
5	208
5	857
26	858
39	859
39	152
39	85
39	646
39	860
39	410
39	79
136	731
136	5
210	356
210	25
210	181
218	861
13	485
205	48
0	207
94	14
200	199
5	411
5	335
5	714
7	536
7	541
7	338
7	686
377	5
23	134
23	307
23	214
23	862
23	266
23	196
23	422
23	96
23	129
23	135
23	160
23	416
135	590
135	630
135	714
135	137
135	52
135	436
135	162
135	402
135	24
135	427
135	863
5	474
5	135
3	243
3	864
3	627
3	454
2	864
3	420
3	421
3	703
3	683
3	865
3	463
3	592
3	459
3	87
3	266
3	866
3	638
3	663
3	201
3	631
3	218
3	867
3	150
3	789
3	213
3	728
3	547
3	427
3	433
3	606
3	868
3	869
3	429
3	448
3	870
3	388
3	431
3	871
3	404
3	394
3	543
3	438
3	391
3	99
3	104
3	410
3	664
3	782
3	412
3	464
3	317
3	435
3	141
3	449
3	461
3	422
3	651
3	582
3	134
3	358
3	590
3	305
3	811
3	690
3	333
3	322
3	199
3	347
3	593
3	872
3	579
3	162
3	696
3	583
3	698
3	514
3	697
3	682
3	143
3	345
3	718
3	646
3	707
3	820
3	84
6	273
217	273
24	378
10	322
10	137
44	322
44	269
44	150
44	285
44	216
44	87
44	78
44	348
44	438
44	242
44	358
44	218
44	89
44	141
44	201
44	137
44	231
44	157
44	154
44	303
44	213
44	435
44	651
44	302
44	728
44	199
44	246
44	96
44	241
44	578
44	662
44	140
44	584
44	647
44	206
44	287
44	102
44	139
5	779
380	205
380	299
115	393
188	55
188	259
11	306
11	457
5	332
145	38
145	100
38	206
131	277
131	873
292	291
292	168
292	289
292	874
292	124
4	788
4	801
4	83
10	149
10	285
10	425
5	88
69	292
69	163
69	195
69	294
69	124
69	212
69	875
140	53
140	107
140	52
140	583
140	162
140	79
140	216
140	134
140	876
140	201
140	246
140	311
140	410
140	14
140	139
140	214
140	38
140	78
140	128
140	137
140	877
140	141
140	89
140	10
140	149
140	145
14	140
2	878
332	52
332	419
419	52
168	52
2	879
2	192
2	782
2	449
2	755
2	870
2	844
2	696
2	871
2	880
2	668
2	881
2	779
2	882
2	883
2	884
2	606
2	868
2	869
2	865
2	866
2	867
2	789
2	152
2	885
2	513
2	886
2	384
2	887
2	888
2	889
2	890
2	891
2	892
2	893
2	411
2	894
2	895
2	662
2	896
2	897
2	822
2	898
2	899
2	792
2	335
2	900
2	901
2	902
2	903
2	904
2	225
57	405
12	153
79	10
5	590
5	342
2	469
2	473
16	285
16	468
16	248
16	153
16	254
16	206
16	137
16	103
2	284
16	286
16	301
16	198
16	269
142	302
12	203
12	139
2	828
3	152
3	440
3	306
3	275
3	905
5	167
5	583
16	378
3	353
16	246
16	469
16	353
16	302
16	79
16	165
16	136
16	102
16	107
16	906
16	471
16	472
16	342
16	211
16	287
16	225
16	93
16	100
16	203
16	590
12	286
78	24
78	246
78	51
51	157
162	24
907	6
163	8
3	446
3	439
3	511
3	418
3	355
134	10
134	3
134	24
134	103
134	746
134	162
134	52
134	96
134	42
134	201
134	516
2	908
159	158
413	909
45	84
117	200
522	574
10	134
10	547
114	31
121	567
387	346
50	174
304	86
