N:266 E:265
1 2
1 3
1 4
1 5
1 6
1 7
1 8
1 9
1 10
1 11
1 12
1 13
1 14
1 15
1 16
1 17
1 18
1 19
1 20
1 21
1 22
1 23
1 24
1 25
2 26
2 27
2 28
2 29
2 30
2 31
2 32
3 33
26 34
26 35
26 36
26 37
26 38
26 39
26 40
26 41
26 42
26 43
26 44
26 45
26 46
26 47
26 48
26 49
26 50
26 51
26 52
28 53
30 54
30 55
30 56
30 57
30 58
30 59
30 60
30 61
30 62
30 63
30 64
30 65
30 66
30 67
30 68
30 69
30 70
30 71
30 72
30 73
30 74
30 75
30 76
30 77
30 78
30 79
30 80
30 81
30 82
30 83
30 84
30 85
30 86
30 87
30 88
30 89
30 90
30 91
30 92
30 93
30 94
30 95
30 96
30 97
30 98
30 99
30 100
30 101
30 102
30 103
30 104
30 105
30 106
30 107
30 108
30 109
30 110
30 111
30 112
30 113
30 114
30 115
30 116
30 117
30 118
30 119
30 120
30 121
30 122
30 123
30 124
30 125
30 126
30 127
30 128
30 129
30 130
30 131
30 132
30 133
30 134
30 135
30 136
30 137
30 138
30 139
30 140
30 141
30 142
30 143
31 144
31 145
31 146
31 147
31 148
31 149
31 150
32 151
32 152
32 153
32 154
32 155
32 156
32 157
32 158
32 159
33 160
33 161
33 162
33 163
33 164
152 165
152 166
152 167
152 168
152 169
152 170
152 171
152 172
152 173
152 174
152 175
153 176
153 177
153 178
153 179
153 180
153 181
153 182
153 183
153 184
153 185
153 186
154 187
155 188
155 189
155 190
155 191
155 192
155 193
155 194
156 195
156 196
156 197
156 198
156 199
156 200
156 201
156 202
156 203
156 204
156 205
156 206
156 207
156 208
156 209
156 210
156 211
156 212
156 213
156 214
160 215
160 216
160 217
160 218
160 219
160 220
160 221
160 222
160 223
160 224
161 225
161 226
161 227
161 228
161 229
161 230
162 231
162 232
162 233
162 234
162 235
164 236
164 237
164 238
164 239
164 240
164 241
187 242
187 243
187 244
187 245
187 246
187 247
187 248
187 249
187 250
187 251
187 252
187 253
187 254
187 255
187 256
187 257
187 258
187 259
187 260
187 261
187 262
187 263
187 264
187 265
187 266
