N:131 E:130
1 0.002732 0.268013
2 0.586348 1.040525
3 -0.144022 0.393870
4 -0.832133 0.433559
5 -0.084080 0.044829
6 -0.060185 -0.566695
7 0.446778 -0.028674
8 1.297319 1.321512
9 0.655013 1.157654
10 0.882773 0.806129
11 0.766119 1.140706
12 0.490790 1.784250
13 0.579266 1.208116
14 0.437328 1.124004
15 0.485835 0.944644
16 0.497299 1.182052
17 0.432812 1.034698
18 0.705879 0.995067
19 0.602813 0.907910
20 -0.228655 0.304374
21 -0.086505 0.500050
22 -0.272065 0.427541
23 -0.206016 0.525995
24 -1.027516 0.287309
25 -1.272749 0.570027
26 -0.743564 0.531317
27 -0.826874 0.268806
28 -0.976154 0.557597
29 -1.088484 0.406648
30 -0.861759 0.653904
31 -0.933048 0.328900
32 -0.974677 0.242217
33 -0.790283 0.613010
34 -1.074001 0.336193
35 -0.985793 0.472337
36 -1.013769 0.620165
37 -0.756720 0.343546
38 -0.885371 0.564365
39 -0.939081 0.648116
40 -1.077876 0.475768
41 -1.058693 0.545816
42 -0.899401 0.235631
43 -1.004345 0.388894
44 -0.145928 -0.096649
45 -0.029333 -0.076833
46 -0.211948 -0.028163
47 -0.073303 -1.300204
48 0.072616 -0.599247
49 -0.086514 -0.761595
50 -0.181772 -0.732459
51 0.061297 -0.690922
52 -0.230201 -0.655147
53 -0.117632 -0.675830
54 -0.207463 -0.569408
55 -0.005296 -0.739030
56 0.879614 -0.312806
57 1.432781 1.493514
58 1.857635 1.528054
59 1.483365 1.417395
60 1.429723 1.297582
61 1.508784 1.338642
62 1.407751 1.197169
63 1.492957 1.242116
64 1.348668 1.517658
65 1.390372 1.419631
66 1.274427 1.475527
67 1.086821 0.640263
68 1.013129 0.724495
69 1.046341 0.815427
70 0.927225 0.658668
71 0.894086 1.211322
72 0.635560 1.928871
73 0.544113 1.901914
74 0.323933 1.866032
75 0.560572 1.985772
76 0.389529 2.061274
77 0.524230 2.284757
78 0.636166 1.835826
79 0.283538 1.995557
80 0.398367 1.913456
81 0.344320 1.783023
82 0.469247 1.968226
83 -1.499870 0.634495
84 -1.501272 0.557731
85 -1.458923 0.698852
86 0.175758 -1.563831
87 -0.192233 -1.399060
88 -0.085233 -1.440140
89 -0.199479 -1.926931
90 1.054295 -0.539354
91 1.260672 -0.485325
92 1.908260 1.720480
93 2.022167 1.574566
94 2.061281 1.666741
95 2.029187 1.414576
96 2.100206 1.507695
97 1.997508 1.724675
98 2.027042 1.485458
99 2.098683 1.594698
100 1.970395 1.652732
101 1.240147 0.534266
102 0.303702 2.251415
103 0.591643 2.513282
104 0.645474 2.452353
105 0.486764 2.522718
106 0.422551 2.472604
107 0.533150 2.468281
108 0.141606 2.152115
109 0.271271 -1.734366
110 0.333707 -1.689886
111 0.188462 -1.723685
112 0.329511 -1.611050
113 -0.141356 -2.058862
114 -0.354525 -1.908351
115 -0.063594 -1.989015
116 -0.256592 -2.176719
117 -0.089538 -2.136225
118 -0.384926 -2.077843
119 -0.041095 -2.072075
120 -0.331170 -2.139698
121 -0.202953 -2.119476
122 -0.159087 -2.177402
123 -0.276046 -2.079002
124 -0.328806 -2.010729
125 -0.406232 -1.986506
126 1.185990 -0.659479
127 1.118381 -0.709260
128 1.441597 -0.607795
129 1.462097 -0.539370
130 1.438253 -0.468439
131 1.377710 -0.642794
1 2
1 3
1 4
1 5
1 6
1 7
2 8
2 9
2 10
2 11
2 12
2 13
2 14
2 15
2 16
2 17
2 18
2 19
3 20
3 21
3 22
3 23
4 24
4 25
4 26
4 27
4 28
4 29
4 30
4 31
4 32
4 33
4 34
4 35
4 36
4 37
4 38
4 39
4 40
4 41
4 42
4 43
5 44
5 45
5 46
6 47
6 48
6 49
6 50
6 51
6 52
6 53
6 54
6 55
7 56
8 57
8 58
8 59
8 60
8 61
8 62
8 63
8 64
8 65
8 66
10 67
10 68
10 69
10 70
11 71
12 72
12 73
12 74
12 75
12 76
12 77
12 78
12 79
12 80
12 81
12 82
25 83
25 84
25 85
47 86
47 87
47 88
47 89
56 90
56 91
58 92
58 93
58 94
58 95
58 96
58 97
58 98
58 99
58 100
67 101
76 102
77 103
77 104
77 105
77 106
77 107
79 108
86 109
86 110
86 111
86 112
89 113
89 114
89 115
89 116
89 117
89 118
89 119
89 120
89 121
89 122
89 123
89 124
89 125
90 126
90 127
91 128
91 129
91 130
91 131
