N:125 E:124
1 0.151472 0.535691
2 1.166139 0.346861
3 -0.154752 0.003121
4 0.292743 1.274069
5 -0.202834 0.802517
6 -0.060610 0.379829
7 -0.693846 0.488687
8 0.178737 -0.005780
9 -0.113469 0.959078
10 0.062168 0.409429
11 0.307624 0.739343
12 0.328786 0.543772
13 0.123511 0.706081
14 0.000820 0.489307
15 0.262093 0.424060
16 0.217531 0.360120
17 0.296755 0.618020
18 0.130412 0.359305
19 0.330267 0.461143
20 0.207135 0.666764
21 -0.011384 0.577484
22 0.046456 0.651296
23 1.189204 0.094328
24 1.404545 0.414874
25 1.795552 0.463503
26 1.241512 0.495555
27 1.603222 -0.157545
28 1.417281 0.286837
29 1.515141 0.662589
30 1.336785 0.173895
31 1.093346 0.239511
32 1.222526 0.233266
33 1.284743 0.392296
34 1.137657 0.480098
35 -0.339244 -0.194710
36 -0.380051 -0.470591
37 0.322215 1.495769
38 0.246663 1.666475
39 0.440310 1.642743
40 0.167584 1.386768
41 0.411570 1.466934
42 0.256650 1.458251
43 0.468746 1.403946
44 0.182617 1.468650
45 0.357546 1.401605
46 0.459344 1.322414
47 -0.354880 0.975304
48 -0.380848 0.794577
49 -0.406514 0.883281
50 -0.260513 0.990745
51 -0.324007 0.903911
52 -0.210312 0.271042
53 -1.090956 0.295708
54 -0.957519 0.650316
55 -1.185207 0.566071
56 -0.772880 0.314893
57 -0.814716 0.409002
58 -0.866133 0.345295
59 -0.810839 0.634807
60 -0.906155 0.518594
61 -0.903051 0.435740
62 -0.836678 0.554651
63 0.145739 -0.244258
64 0.057947 -0.135445
65 0.291098 -0.201920
66 0.080208 -0.208258
67 0.316489 -0.125119
68 0.194230 -0.163639
69 0.225029 -0.246314
70 -0.384955 1.346747
71 0.418542 0.877427
72 1.209872 -0.091421
73 1.585783 0.444666
74 2.391636 0.582974
75 1.868749 -0.487675
76 1.691638 -0.331499
77 1.638620 -0.381688
78 1.822342 -0.230771
79 1.571303 -0.339214
80 1.769963 -0.317599
81 1.799358 -0.146429
82 1.739157 -0.238265
83 1.607799 0.244368
84 1.652945 0.853033
85 1.721121 0.772036
86 1.560989 0.855727
87 1.713808 0.687274
88 1.639087 0.777525
89 1.463333 0.051853
90 -0.483778 -0.328200
91 -0.440983 -0.713151
92 -0.561539 -0.591953
93 -0.460335 -0.640474
94 -0.361228 -0.685345
95 -0.532510 -0.667913
96 0.178083 1.886989
97 0.261718 1.899037
98 0.481328 1.872852
99 0.560172 1.838682
100 -1.248792 0.139989
101 -1.314056 0.266181
102 -1.305417 0.191673
103 -1.140816 0.771106
104 -1.420973 0.638604
105 -1.405799 0.503711
106 -1.372068 0.691374
107 -1.417431 0.571891
108 -0.507420 1.563915
109 -0.581893 1.461745
110 -0.425060 1.558020
111 -0.518277 1.495780
112 2.682871 0.802443
113 2.850888 0.550676
114 2.553176 0.592557
115 2.058349 -0.595667
116 1.935530 -0.693316
117 2.010435 -0.661867
118 2.781247 0.964571
119 2.854585 0.928404
120 2.868096 0.848535
121 3.027836 0.651002
122 3.083790 0.582273
123 3.065769 0.479502
124 2.998118 0.426083
125 3.015427 0.545038
1 2
1 3
1 4
1 5
1 6
1 7
1 8
1 9
1 10
1 11
1 12
1 13
1 14
1 15
1 16
1 17
1 18
1 19
1 20
1 21
1 22
2 23
2 24
2 25
2 26
2 27
2 28
2 29
2 30
2 31
2 32
2 33
2 34
3 35
3 36
4 37
4 38
4 39
4 40
4 41
4 42
4 43
4 44
4 45
4 46
5 47
5 48
5 49
5 50
5 51
6 52
7 53
7 54
7 55
7 56
7 57
7 58
7 59
7 60
7 61
7 62
8 63
8 64
8 65
8 66
8 67
8 68
8 69
9 70
11 71
23 72
24 73
25 74
27 75
27 76
27 77
27 78
27 79
27 80
27 81
27 82
28 83
29 84
29 85
29 86
29 87
29 88
30 89
35 90
36 91
36 92
36 93
36 94
36 95
38 96
38 97
39 98
39 99
53 100
53 101
53 102
54 103
55 104
55 105
55 106
55 107
70 108
70 109
70 110
70 111
74 112
74 113
74 114
75 115
75 116
75 117
112 118
112 119
112 120
113 121
113 122
113 123
113 124
113 125
