N:125 E:124
1 2
1 3
1 4
1 5
1 6
1 7
1 8
1 9
1 10
1 11
1 12
1 13
1 14
1 15
1 16
1 17
1 18
1 19
1 20
1 21
1 22
2 23
2 24
2 25
2 26
2 27
2 28
2 29
2 30
2 31
2 32
2 33
2 34
3 35
3 36
4 37
4 38
4 39
4 40
4 41
4 42
4 43
4 44
4 45
4 46
5 47
5 48
5 49
5 50
5 51
6 52
7 53
7 54
7 55
7 56
7 57
7 58
7 59
7 60
7 61
7 62
8 63
8 64
8 65
8 66
8 67
8 68
8 69
9 70
11 71
23 72
24 73
25 74
27 75
27 76
27 77
27 78
27 79
27 80
27 81
27 82
28 83
29 84
29 85
29 86
29 87
29 88
30 89
35 90
36 91
36 92
36 93
36 94
36 95
38 96
38 97
39 98
39 99
53 100
53 101
53 102
54 103
55 104
55 105
55 106
55 107
70 108
70 109
70 110
70 111
74 112
74 113
74 114
75 115
75 116
75 117
112 118
112 119
112 120
113 121
113 122
113 123
113 124
113 125
