N:263 E:262
1 2
1 3
1 4
1 5
1 6
1 7
1 8
1 9
1 10
1 11
1 12
1 13
1 14
1 15
1 16
1 17
1 18
1 19
1 20
1 21
2 22
2 23
2 24
2 25
2 26
2 27
2 28
2 29
2 30
2 31
2 32
2 33
2 34
2 35
2 36
2 37
2 38
2 39
2 40
2 41
2 42
2 43
2 44
22 45
22 46
22 47
22 48
22 49
23 50
25 51
25 52
25 53
25 54
25 55
25 56
25 57
25 58
25 59
25 60
28 61
28 62
28 63
28 64
28 65
29 66
29 67
29 68
29 69
29 70
30 71
30 72
30 73
30 74
30 75
30 76
30 77
30 78
30 79
30 80
30 81
30 82
30 83
30 84
30 85
30 86
30 87
30 88
30 89
30 90
30 91
30 92
30 93
31 94
31 95
31 96
31 97
32 98
32 99
32 100
32 101
32 102
32 103
32 104
32 105
32 106
32 107
32 108
32 109
32 110
33 111
33 112
34 113
34 114
34 115
34 116
34 117
34 118
34 119
34 120
34 121
34 122
34 123
34 124
34 125
34 126
34 127
34 128
34 129
34 130
34 131
34 132
34 133
34 134
34 135
34 136
34 137
34 138
34 139
34 140
34 141
34 142
34 143
34 144
34 145
34 146
34 147
34 148
34 149
34 150
34 151
34 152
34 153
34 154
34 155
34 156
34 157
35 158
35 159
35 160
35 161
35 162
35 163
35 164
35 165
35 166
35 167
35 168
35 169
35 170
35 171
35 172
35 173
35 174
35 175
35 176
35 177
35 178
35 179
35 180
35 181
35 182
35 183
35 184
35 185
35 186
35 187
35 188
35 189
35 190
35 191
35 192
35 193
35 194
35 195
35 196
35 197
35 198
35 199
35 200
35 201
35 202
35 203
35 204
35 205
35 206
35 207
35 208
36 209
36 210
36 211
36 212
36 213
36 214
37 215
37 216
37 217
37 218
37 219
37 220
38 221
38 222
38 223
38 224
38 225
38 226
38 227
38 228
39 229
39 230
39 231
39 232
39 233
39 234
39 235
39 236
39 237
39 238
39 239
39 240
39 241
39 242
39 243
39 244
39 245
39 246
40 247
40 248
40 249
40 250
40 251
40 252
40 253
40 254
41 255
41 256
41 257
41 258
41 259
41 260
41 261
41 262
41 263
